Time,header.seq,header.stamp.secs,header.stamp.nsecs,header.frame_id,pose.position.x,pose.position.y,pose.position.z,pose.orientation.x,pose.orientation.y,pose.orientation.z,pose.orientation.w
54.850001097,1,54,700001094,map,5.693573709810478,8.885824540641442,0.0,0.0,0.0,0.0,0.0
57.850001157,2,57,750001155,map,6.001184194861104,8.67141296844286,0.0,0.0,0.0,0.0,0.0
61.350001227,3,60,850001217,map,6.510730645349701,8.769634515039556,0.0,0.0,0.0,0.0,0.0
64.350001287,4,63,950001279,map,6.696151964739091,8.827276724455388,0.0,0.0,0.0,0.0,0.0
67.350001347,5,67,1340,map,7.470889995658108,8.951903952395554,0.0,0.0,0.0,0.0,0.0
70.350001407,6,70,150001403,map,7.374561692825877,9.400128912452397,0.0,0.0,0.0,0.0,0.0
73.350001467,7,73,250001465,map,6.519383491642817,9.49076221596753,0.0,0.0,0.0,0.0,0.0
76.400001528,8,76,350001527,map,6.3327626208949805,9.021826320904962,0.0,0.0,0.0,0.0,0.0
79.850001597,9,79,400001588,map,7.178633784942481,8.856562065691204,0.0,0.0,0.0,0.0,0.0
82.850001657,10,82,500001650,map,8.069863726624547,8.882879040153846,0.0,0.0,0.0,0.0,0.0
85.900001718,11,85,600001712,map,8.9851724319543,8.89193237732609,0.0,0.0,0.0,0.0,0.0
88.850001777,12,88,600001772,map,9.902711963074442,8.881566248868047,0.0,0.0,0.0,0.0,0.0
91.850001837,13,91,750001835,map,10.814205737665157,8.846023400069887,0.0,0.0,0.0,0.0,0.0
95.350001907,14,94,850001897,map,11.716679260185808,8.763786718675416,0.0,0.0,0.0,0.0,0.0
98.350001967,15,97,900001958,map,12.590970101041744,8.614339932745933,0.0,0.0,0.0,0.0,0.0
101.350002027,16,101,50002021,map,12.916853949505729,8.536382294826959,0.0,0.0,0.0,0.0,0.0
104.35000208700001,17,104,50002081,map,12.912139675904427,8.536669037355495,0.0,0.0,0.0,0.0,0.0
107.350002147,18,107,100002142,map,12.908449254951716,8.536546993567837,0.0,0.0,0.0,0.0,0.0
110.350002207,19,110,150002203,map,12.916372608650732,8.536661685078037,0.0,0.0,0.0,0.0,0.0
113.350002267,20,113,250002265,map,16.415506077455692,7.779633289019415,0.0,0.0,0.0,0.0,0.0
116.350002327,21,116,300002326,map,16.571904337589434,7.511360010667035,0.0,0.0,0.0,0.0,0.0
119.900002398,22,119,350002387,map,16.570444005796404,7.513078396123131,0.0,0.0,0.0,0.0,0.0
122.850002457,23,122,450002449,map,16.571232744903753,7.514271034137003,0.0,0.0,0.0,0.0,0.0
125.900002518,24,125,550002511,map,16.573216218477906,7.51107660899981,0.0,0.0,0.0,0.0,0.0
128.850002577,25,128,600002572,map,16.574177960917936,7.514083706444245,0.0,0.0,0.0,0.0,0.0
131.900002638,26,131,700002634,map,20.513960768268,4.789421416499325,0.0,0.0,0.0,0.0,0.0
134.900002698,27,134,750002695,map,20.960188233504446,4.396582489673191,0.0,0.0,0.0,0.0,0.0
137.850002757,28,137,800002756,map,21.06285444115362,4.256959890102587,0.0,0.0,0.0,0.0,0.0
141.350002827,29,140,950002819,map,21.06251116095848,4.257559557216836,0.0,0.0,0.0,0.0,0.0
144.350002887,30,144,50002881,map,21.060523212655642,4.262372555282042,0.0,0.0,0.0,0.0,0.0
147.350002947,31,147,150002943,map,21.063035656783164,4.256818588802871,0.0,0.0,0.0,0.0,0.0
150.350003007,32,150,150003003,map,22.998885124720765,1.0035070516776563,0.0,0.0,0.0,0.0,0.0
153.350003067,33,153,250003065,map,22.99985230165831,1.0014562746399536,0.0,0.0,0.0,0.0,0.0
156.850003137,34,156,350003127,map,22.999921483065535,1.002309129025389,0.0,0.0,0.0,0.0,0.0
159.850003197,35,159,450003189,map,23.00006566224264,1.0006392789020055,0.0,0.0,0.0,0.0,0.0
162.850003257,36,162,550003251,map,1.173056366349832,10.245055166339652,0.0,0.0,0.0,0.0,0.0
166.350003327,37,165,900003318,map,2.411742824942022,10.813379664001893,0.0,0.0,0.0,0.0,0.0
169.350003387,38,169,3380,map,3.323394938201093,10.668377268284605,0.0,0.0,0.0,0.0,0.0
172.350003447,39,172,50003441,map,4.173957983915362,10.396125496420186,0.0,0.0,0.0,0.0,0.0
176.850003537,40,176,800003536,map,2.242256959564792,12.049813086780444,0.0,0.0,0.0,0.0,0.0
180.350003607,41,179,900003598,map,4.428953441778491,11.55071211074162,0.0,0.0,0.0,0.0,0.0
183.350003667,42,183,3660,map,4.115244125940066,11.29919884486694,0.0,0.0,0.0,0.0,0.0
186.350003727,43,186,50003721,map,4.802222169635462,11.44818946814863,0.0,0.0,0.0,0.0,0.0
189.350003787,44,189,100003782,map,5.483169578928875,11.749149282867016,0.0,0.0,0.0,0.0,0.0
192.350003847,45,192,150003843,map,5.4835422736479345,11.749112238685878,0.0,0.0,0.0,0.0,0.0
195.350003907,46,195,250003905,map,5.48357187667595,11.748889201692435,0.0,0.0,0.0,0.0,0.0
198.850003977,47,198,350003967,map,5.482266635204201,11.747237782217365,0.0,0.0,0.0,0.0,0.0
201.850004037,48,201,350004027,map,5.484254428184759,11.748707432661416,0.0,0.0,0.0,0.0,0.0
204.850004097,49,204,450004089,map,9.523873921619497,8.23059662203235,0.0,0.0,0.0,0.0,0.0
207.850004157,50,207,550004151,map,10.389031017414414,8.269158833100144,0.0,0.0,0.0,0.0,0.0
210.850004217,51,210,600004212,map,11.30482078113444,8.289490976608809,0.0,0.0,0.0,0.0,0.0
213.850004277,52,213,700004274,map,12.177396225985586,8.28386949603853,0.0,0.0,0.0,0.0,0.0
216.850004337,53,216,750004335,map,13.007136785598203,8.15096850014658,0.0,0.0,0.0,0.0,0.0
220.350004407,54,219,850004397,map,12.398067675330932,8.133838839328847,0.0,0.0,0.0,0.0,0.0
223.350004467,55,222,950004459,map,14.72608177257062,8.125495560139155,0.0,0.0,0.0,0.0,0.0
226.350004527,56,226,100004522,map,14.933725820217198,7.991704971964372,0.0,0.0,0.0,0.0,0.0
229.850004597,57,229,750004595,map,15.602959842361539,8.138574601379707,0.0,0.0,0.0,0.0,0.0
233.350004667,58,232,850004657,map,15.338380370258507,8.742114604578923,0.0,0.0,0.0,0.0,0.0
236.350004727,59,236,4720,map,15.604785750334072,8.139524767236612,0.0,0.0,0.0,0.0,0.0
239.350004787,60,239,100004782,map,15.988740257389136,8.903021084475784,0.0,0.0,0.0,0.0,0.0
242.350004847,61,242,200004844,map,15.720456799324065,7.860074745923928,0.0,0.0,0.0,0.0,0.0
245.850004917,62,245,350004907,map,19.432019326517228,6.045337981306276,0.0,0.0,0.0,0.0,0.0
248.850004977,63,248,500004970,map,19.433555855951845,6.043946153401704,0.0,0.0,0.0,0.0,0.0
251.850005037,64,251,600005032,map,19.43088903798443,6.047256246654827,0.0,0.0,0.0,0.0,0.0
254.850005097,65,254,700005094,map,19.432212269212904,6.047128565835569,0.0,0.0,0.0,0.0,0.0
258.350005167,66,257,850005157,map,19.33906185837936,6.101824959074735,0.0,0.0,0.0,0.0,0.0
261.350005227,67,261,5220,map,19.431202926913613,6.04659082414708,0.0,0.0,0.0,0.0,0.0
264.350005287,68,264,50005281,map,19.433720571158716,6.043874289572003,0.0,0.0,0.0,0.0,0.0
267.350005347,69,267,150005343,map,19.433222310521757,6.044514963843879,0.0,0.0,0.0,0.0,0.0
270.350005407,70,270,250005405,map,19.430423458759446,6.047162361778644,0.0,0.0,0.0,0.0,0.0
273.850005477,71,273,400005468,map,21.775381519080764,2.7165150634442954,0.0,0.0,0.0,0.0,0.0
276.850005537,72,276,500005530,map,22.362841661355095,2.036125941501049,0.0,0.0,0.0,0.0,0.0
279.850005597,73,279,650005593,map,22.828720673189387,1.3108005822420514,0.0,0.0,0.0,0.0,0.0
282.850005657,74,282,750005655,map,22.997382644774035,1.0071649497912771,0.0,0.0,0.0,0.0,0.0
286.350005727,75,285,900005718,map,22.999692905709146,1.0014365959551552,0.0,0.0,0.0,0.0,0.0
289.350005787,76,289,5780,map,22.999269002474456,1.0044770050208278,0.0,0.0,0.0,0.0,0.0
292.350005847,77,292,150005843,map,22.999729318890775,1.0016379318404935,0.0,0.0,0.0,0.0,0.0
295.350005907,78,295,250005905,map,1.2903943673148648,10.231535953301313,0.0,0.0,0.0,0.0,0.0
299.850005997,79,299,650005993,map,2.8263379531703876,10.830059780869487,0.0,0.0,0.0,0.0,0.0
302.850006057,80,302,750006055,map,3.729149381708815,10.588741471983157,0.0,0.0,0.0,0.0,0.0
305.850006117,81,305,800006116,map,4.572714767343257,10.290021872623834,0.0,0.0,0.0,0.0,0.0
308.850006177,82,308,850006177,map,4.722801629481977,10.51137131651559,0.0,0.0,0.0,0.0,0.0
312.350006247,83,311,950006239,map,4.48921237791763,10.005709429263325,0.0,0.0,0.0,0.0,0.0
315.350006307,84,315,6300,map,4.469969812722599,9.464401709880306,0.0,0.0,0.0,0.0,0.0
318.350006367,85,318,100006362,map,5.349145588006852,9.344362031881094,0.0,0.0,0.0,0.0,0.0
321.350006427,86,321,250006425,map,6.247124031225403,9.46147472079123,0.0,0.0,0.0,0.0,0.0
324.350006487,87,324,300006486,map,6.8950388581028506,9.473351174127103,0.0,0.0,0.0,0.0,0.0
327.850006557,88,327,400006548,map,6.872232321352977,9.428104948981733,0.0,0.0,0.0,0.0,0.0
330.850006617,89,330,500006610,map,6.348429369157595,9.298312192784124,0.0,0.0,0.0,0.0,0.0
333.900006678,90,333,600006672,map,5.6540192476868265,9.669872403852764,0.0,0.0,0.0,0.0,0.0
336.850006737,91,336,700006734,map,4.9566135893641565,10.2051896811225,0.0,0.0,0.0,0.0,0.0
339.850006797,92,339,750006795,map,4.627850017422846,10.517392818365325,0.0,0.0,0.0,0.0,0.0
343.350006867,93,342,850006857,map,4.520482168646113,10.742607180285805,0.0,0.0,0.0,0.0,0.0
346.350006927,94,345,900006918,map,4.545033902349896,10.753585588816751,0.0,0.0,0.0,0.0,0.0
349.350006987,95,349,6980,map,4.091497943829591,10.848458920361326,0.0,0.0,0.0,0.0,0.0
352.350007047,96,352,150007043,map,3.601610941406684,10.433299233996552,0.0,0.0,0.0,0.0,0.0
355.350007107,97,355,300007106,map,-0.1600262393407696,10.314097432365712,0.0,0.0,0.0,0.0,0.0
358.350007167,98,358,300007166,map,4.363456587166091,9.526852506385284,0.0,0.0,0.0,0.0,0.0
361.850007237,99,361,450007229,map,5.288037127629371,9.484171140445884,0.0,0.0,0.0,0.0,0.0
364.850007297,100,364,550007291,map,6.1829561750503625,9.495739955922335,0.0,0.0,0.0,0.0,0.0
367.850007357,101,367,650007353,map,6.449013759499062,9.987904380349642,0.0,0.0,0.0,0.0,0.0
370.850007417,102,370,700007414,map,7.025614491482474,10.233991172043588,0.0,0.0,0.0,0.0,0.0
373.850007477,103,373,800007476,map,7.563096425227431,10.072790346353365,0.0,0.0,0.0,0.0,0.0
377.350007547,104,376,850007537,map,7.458166741246926,9.728619172349731,0.0,0.0,0.0,0.0,0.0
380.350007607,105,379,950007599,map,7.400977457647539,9.259356623372252,0.0,0.0,0.0,0.0,0.0
383.350007667,106,383,50007661,map,8.249763378350774,9.10307140256579,0.0,0.0,0.0,0.0,0.0
386.350007727,107,386,150007723,map,9.147897598705697,9.084171209762669,0.0,0.0,0.0,0.0,0.0
389.350007787,108,389,250007785,map,10.064221342187707,9.042086373253493,0.0,0.0,0.0,0.0,0.0
392.350007847,109,392,350007847,map,10.995372767167026,8.968283816177083,0.0,0.0,0.0,0.0,0.0
395.850007917,110,395,450007909,map,11.875862753395534,8.866170264714604,0.0,0.0,0.0,0.0,0.0
398.850007977,111,398,500007970,map,12.786497464505254,8.67759926764935,0.0,0.0,0.0,0.0,0.0
401.850008037,112,401,600008032,map,13.087915396955747,8.603833410860316,0.0,0.0,0.0,0.0,0.0
404.850008097,113,404,700008094,map,13.089126027107987,8.603773950713542,0.0,0.0,0.0,0.0,0.0
407.850008157,114,407,750008155,map,13.08848089560654,8.603631067988086,0.0,0.0,0.0,0.0,0.0
410.850008217,115,410,800008216,map,13.08685250966576,8.603366597520395,0.0,0.0,0.0,0.0,0.0
414.350008287,116,413,900008278,map,13.088856415851845,8.603812322832573,0.0,0.0,0.0,0.0,0.0
417.350008347,117,416,950008339,map,16.622615053733476,7.4072474956102035,0.0,0.0,0.0,0.0,0.0
420.350008407,118,420,50008401,map,16.62871575133414,7.405618866949369,0.0,0.0,0.0,0.0,0.0
423.350008467,119,423,150008463,map,16.626337647287023,7.408227845959305,0.0,0.0,0.0,0.0,0.0
426.350008527,120,426,250008525,map,16.625862003934017,7.411284299528921,0.0,0.0,0.0,0.0,0.0
429.350008587,121,429,300008586,map,16.631140808289583,7.405000695423452,0.0,0.0,0.0,0.0,0.0
432.850008657,122,432,400008648,map,16.631437044116744,7.405448254358621,0.0,0.0,0.0,0.0,0.0
435.850008717,123,435,550008711,map,20.568572526280953,4.763302938616113,0.0,0.0,0.0,0.0,0.0
438.850008777,124,438,600008772,map,20.80658974430564,4.7937073565501045,0.0,0.0,0.0,0.0,0.0
441.850008837,125,441,650008833,map,20.552287343319897,5.502996252737284,0.0,0.0,0.0,0.0,0.0
444.850008897,126,444,700008894,map,20.27219371918648,6.214696966300826,0.0,0.0,0.0,0.0,0.0
447.850008957,127,447,750008955,map,19.772704159632035,6.511100228732932,0.0,0.0,0.0,0.0,0.0
451.350009027,128,450,850009017,map,19.745550719479425,6.033882791142611,0.0,0.0,0.0,0.0,0.0
453.850009077,129,453,850009077,map,20.22111472592068,5.298325469194317,0.0,0.0,0.0,0.0,0.0
457.350009147,130,456,950009139,map,20.788736114038855,4.591538526475899,0.0,0.0,0.0,0.0,0.0
460.350009207,131,460,9200,map,21.3614817780881,3.9811093957591392,0.0,0.0,0.0,0.0,0.0
463.350009267,132,463,100009262,map,21.431762570384485,3.8999804859734777,0.0,0.0,0.0,0.0,0.0
466.350009327,133,466,200009324,map,21.43137502554572,3.901090755967527,0.0,0.0,0.0,0.0,0.0
469.350009387,134,469,250009385,map,21.43347642379669,3.897910954852166,0.0,0.0,0.0,0.0,0.0
472.350009447,135,472,350009447,map,21.433222699444137,3.899685254310018,0.0,0.0,0.0,0.0,0.0
475.850009517,136,475,450009509,map,22.999639087569733,1.0012378399898054,0.0,0.0,0.0,0.0,0.0
478.850009577,137,478,450009569,map,22.998027510027974,1.007198896432576,0.0,0.0,0.0,0.0,0.0
481.850009637,138,481,550009631,map,22.999864523855052,1.0006374143182806,0.0,0.0,0.0,0.0,0.0
484.850009697,139,484,600009692,map,22.999871893214284,1.0010228999274724,0.0,0.0,0.0,0.0,0.0
489.400009788,140,489,9780,map,2.36538084349865,10.670837499458463,0.0,0.0,0.0,0.0,0.0
492.400009848,141,492,100009842,map,3.2846473130434806,10.482048390428272,0.0,0.0,0.0,0.0,0.0
495.400009908,142,495,250009905,map,4.159329558982669,10.218406184766462,0.0,0.0,0.0,0.0,0.0
498.350009967,143,498,250009965,map,4.563286415857231,10.179991750414063,0.0,0.0,0.0,0.0,0.0
501.350010027,144,501,350010027,map,4.542077971291034,10.144007628394345,0.0,0.0,0.0,0.0,0.0
504.350010087,145,504,350010087,map,4.040101268461269,9.99949567129249,0.0,0.0,0.0,0.0,0.0
507.850010157,146,507,450010149,map,4.475725296800544,9.735935376147644,0.0,0.0,0.0,0.0,0.0
510.850010217,147,510,550010211,map,5.398406002159936,9.706102256231901,0.0,0.0,0.0,0.0,0.0
513.850010277,148,513,650010273,map,6.236731837353354,9.702693502487763,0.0,0.0,0.0,0.0,0.0
516.850010337,149,516,750010335,map,6.2889612475429955,9.70479859383795,0.0,0.0,0.0,0.0,0.0
519.850010397,150,519,850010397,map,6.289950337392335,9.704832525367907,0.0,0.0,0.0,0.0,0.0
523.350010467,151,522,950010459,map,6.287385146607244,9.703941450193865,0.0,0.0,0.0,0.0,0.0
526.350010527,152,526,50010521,map,5.309213913575387,9.396574320187195,0.0,0.0,0.0,0.0,0.0
529.350010587,153,529,150010583,map,5.7680857496934905,9.593638922584589,0.0,0.0,0.0,0.0,0.0
532.350010647,154,532,250010645,map,6.207153566855071,9.700593614604308,0.0,0.0,0.0,0.0,0.0
535.350010707,155,535,350010707,map,6.288032292198597,9.705064678613379,0.0,0.0,0.0,0.0,0.0
538.850010777,156,538,400010768,map,6.283657760820448,9.70602273863689,0.0,0.0,0.0,0.0,0.0
541.850010837,157,541,450010829,map,6.278014188531317,9.707418867807949,0.0,0.0,0.0,0.0,0.0
544.850010897,158,544,500010890,map,6.287406670895786,9.705558601132594,0.0,0.0,0.0,0.0,0.0
547.850010957,159,547,600010952,map,10.48355518830441,8.961502607307366,0.0,0.0,0.0,0.0,0.0
550.850011017,160,550,650011013,map,11.428078238609459,8.797193998973382,0.0,0.0,0.0,0.0,0.0
553.850011077,161,553,750011075,map,12.221766982558488,8.660054463663691,0.0,0.0,0.0,0.0,0.0
556.850011137,162,556,850011137,map,12.508574229082049,8.59105596784737,0.0,0.0,0.0,0.0,0.0
560.350011207,163,559,950011199,map,12.504335736993237,8.591428717655138,0.0,0.0,0.0,0.0,0.0
563.350011267,164,563,50011261,map,12.503060266965036,8.590053752808785,0.0,0.0,0.0,0.0,0.0
566.400011328,165,566,150011323,map,12.508351605394644,8.590467862217805,0.0,0.0,0.0,0.0,0.0
569.350011387,166,569,250011385,map,15.920025150372894,7.707344182644888,0.0,0.0,0.0,0.0,0.0
572.850011457,167,572,350011447,map,15.69941310491971,8.63094042700165,0.0,0.0,0.0,0.0,0.0
575.850011517,168,575,500011510,map,16.279510782582044,7.633557323531819,0.0,0.0,0.0,0.0,0.0
578.850011577,169,578,550011571,map,16.276230740304243,7.637644086454022,0.0,0.0,0.0,0.0,0.0
581.850011637,170,581,650011633,map,16.015900634828306,8.00478198217704,0.0,0.0,0.0,0.0,0.0
584.850011697,171,584,750011695,map,16.280743862206943,7.634003600280828,0.0,0.0,0.0,0.0,0.0
587.850011757,172,587,850011757,map,16.28294965458179,7.635688261399354,0.0,0.0,0.0,0.0,0.0
591.400011828,173,590,900011818,map,20.579141079040525,4.749597768324289,0.0,0.0,0.0,0.0,0.0
594.350011887,174,593,950011879,map,20.577965558600148,4.829723399998968,0.0,0.0,0.0,0.0,0.0
597.400011948,175,597,11940,map,19.75842084699068,6.620681911781951,0.0,0.0,0.0,0.0,0.0
600.350012007,176,600,100012002,map,19.892214845124766,6.311898308806542,0.0,0.0,0.0,0.0,0.0
603.350012067,177,603,200012064,map,19.479853943656778,6.526471575759194,0.0,0.0,0.0,0.0,0.0
606.350012127,178,606,300012126,map,19.511739692598937,6.040225285566349,0.0,0.0,0.0,0.0,0.0
609.400012188,179,609,350012187,map,19.996776396371008,5.380478006989651,0.0,0.0,0.0,0.0,0.0
612.400012248,180,612,400012248,map,20.610911246842292,4.716720805008648,0.0,0.0,0.0,0.0,0.0
615.850012317,181,615,450012309,map,20.7117671719263,4.61033204315355,0.0,0.0,0.0,0.0,0.0
618.850012377,182,618,500012370,map,20.710393328154552,4.613026996625933,0.0,0.0,0.0,0.0,0.0
621.850012437,183,621,550012431,map,20.709715351885446,4.6152893587735315,0.0,0.0,0.0,0.0,0.0
624.850012497,184,624,600012492,map,20.711881857606972,4.610265519748896,0.0,0.0,0.0,0.0,0.0
627.850012557,185,627,650012553,map,22.734278172674657,1.5493558283637585,0.0,0.0,0.0,0.0,0.0
630.900012618,186,630,700012614,map,22.998980649838682,1.003216956491964,0.0,0.0,0.0,0.0,0.0
633.900012678,187,633,800012676,map,22.999502742362466,1.002484649226222,0.0,0.0,0.0,0.0,0.0
636.850012737,188,636,850012737,map,22.999312583632815,1.0056394501430306,0.0,0.0,0.0,0.0,0.0
640.350012807,189,639,900012798,map,22.999940208312058,1.0023412663178108,0.0,0.0,0.0,0.0,0.0
643.350012867,190,643,12860,map,23.000016523460445,1.0057523453898858,0.0,0.0,0.0,0.0,0.0
646.350012927,191,646,50012921,map,1.9181881768832616,10.137267197985837,0.0,0.0,0.0,0.0,0.0
648.400012968,192,648,250012965,map,2.812772911995169,10.795392565029033,0.0,0.0,0.0,0.0,0.0
651.350013027,193,651,350013027,map,3.7377938457817512,10.568613603772965,0.0,0.0,0.0,0.0,0.0
654.850013097,194,654,400013088,map,4.5705787607833654,10.272802105268598,0.0,0.0,0.0,0.0,0.0
657.850013157,195,657,500013150,map,4.2347286909371435,10.583634142678076,0.0,0.0,0.0,0.0,0.0
660.850013217,196,660,600013212,map,3.0993490412793743,10.820232149948122,0.0,0.0,0.0,0.0,0.0
663.850013277,197,663,650013273,map,2.1747711788748223,10.841341186618287,0.0,0.0,0.0,0.0,0.0
666.850013337,198,666,750013335,map,1.9729565910648295,10.492693698562793,0.0,0.0,0.0,0.0,0.0
670.350013407,199,669,850013397,map,1.5472318428187588,9.612464040485822,0.0,0.0,0.0,0.0,0.0
673.350013467,200,672,950013459,map,3.7706245976942556,10.157946481354951,0.0,0.0,0.0,0.0,0.0
676.350013527,201,676,50013521,map,4.676827249080136,10.04736430597087,0.0,0.0,0.0,0.0,0.0
679.350013587,202,679,150013583,map,5.626201113036613,9.935415475828071,0.0,0.0,0.0,0.0,0.0
682.350013647,203,682,250013645,map,6.517361233144387,9.845475097926666,0.0,0.0,0.0,0.0,0.0
685.850013717,204,685,350013707,map,7.401628120164471,9.853906446103359,0.0,0.0,0.0,0.0,0.0
688.850013777,205,688,450013769,map,7.181482321946036,10.151241113727014,0.0,0.0,0.0,0.0,0.0
691.850013837,206,691,500013830,map,7.099653482988629,9.82350854149147,0.0,0.0,0.0,0.0,0.0
694.850013897,207,694,600013892,map,6.879395038096993,9.386412285783878,0.0,0.0,0.0,0.0,0.0
697.850013957,208,697,700013954,map,7.703132109276055,9.163429202371072,0.0,0.0,0.0,0.0,0.0
700.850014017,209,700,750014015,map,8.689170435223232,9.099335888213632,0.0,0.0,0.0,0.0,0.0
704.350014087,210,703,850014077,map,9.501922914313436,9.040647077606986,0.0,0.0,0.0,0.0,0.0
707.350014147,211,706,950014139,map,10.485054613919896,8.954717290833116,0.0,0.0,0.0,0.0,0.0
710.350014207,212,710,50014201,map,11.375826886079022,8.859261732381837,0.0,0.0,0.0,0.0,0.0
713.350014267,213,713,150014263,map,12.288776743690537,8.743752187947718,0.0,0.0,0.0,0.0,0.0
716.350014327,214,716,200014324,map,12.83246563519141,8.637414738821418,0.0,0.0,0.0,0.0,0.0
719.350014387,215,719,300014386,map,12.833975078165672,8.63705605591856,0.0,0.0,0.0,0.0,0.0
722.850014457,216,722,350014447,map,12.829550001967743,8.636593524185015,0.0,0.0,0.0,0.0,0.0
725.850014517,217,725,450014509,map,12.831704086596984,8.636074951992867,0.0,0.0,0.0,0.0,0.0
728.850014577,218,728,550014571,map,12.834044809803146,8.636881489084947,0.0,0.0,0.0,0.0,0.0
731.850014637,219,731,650014633,map,15.667061730093325,8.391002874863094,0.0,0.0,0.0,0.0,0.0
734.850014697,220,734,750014695,map,14.912296539082071,8.104688374178004,0.0,0.0,0.0,0.0,0.0
737.850014757,221,737,800014756,map,15.900078878249124,7.747759330393523,0.0,0.0,0.0,0.0,0.0
741.350014827,222,740,950014819,map,15.900864683474177,7.752511785064291,0.0,0.0,0.0,0.0,0.0
744.350014887,223,744,14880,map,15.881501617871653,7.778610419824497,0.0,0.0,0.0,0.0,0.0
747.350014947,224,747,100014942,map,15.899940009074802,7.742357469207757,0.0,0.0,0.0,0.0,0.0
750.350015007,225,750,200015004,map,19.905967682928612,4.729191350221487,0.0,0.0,0.0,0.0,0.0
753.850015077,226,753,350015067,map,20.357781986856118,4.931157325286238,0.0,0.0,0.0,0.0,0.0
756.850015137,227,756,450015129,map,20.15714931871056,5.6522104556767525,0.0,0.0,0.0,0.0,0.0
759.850015197,228,759,550015191,map,19.61284097445026,6.253031139501356,0.0,0.0,0.0,0.0,0.0
762.850015257,229,762,600015252,map,19.3931066364239,5.779490045995832,0.0,0.0,0.0,0.0,0.0
765.850015317,230,765,700015314,map,19.852491522284378,5.041515903636643,0.0,0.0,0.0,0.0,0.0
768.850015377,231,768,750015375,map,20.45743472188594,4.340629370692877,0.0,0.0,0.0,0.0,0.0
771.850015437,232,771,850015437,map,21.611716361919612,2.9157766407665973,0.0,0.0,0.0,0.0,0.0
775.350015507,233,774,900015498,map,21.265103319925775,4.146406419095896,0.0,0.0,0.0,0.0,0.0
778.350015567,234,778,15560,map,22.183371953773428,2.2746549015696886,0.0,0.0,0.0,0.0,0.0
781.350015627,235,781,100015622,map,22.691776746125335,1.5447633350571717,0.0,0.0,0.0,0.0,0.0
784.350015687,236,784,150015683,map,22.99762306162818,1.0059838884165657,0.0,0.0,0.0,0.0,0.0
787.350015747,237,787,250015745,map,22.99906583737384,1.003650421062585,0.0,0.0,0.0,0.0,0.0
790.350015807,238,790,300015806,map,22.998739714834656,1.0059189627851417,0.0,0.0,0.0,0.0,0.0
793.850015877,239,793,400015868,map,23.000048588238755,1.0008756207486522,0.0,0.0,0.0,0.0,0.0
796.850015937,240,796,550015931,map,23.000058637966212,1.0009303713780018,0.0,0.0,0.0,0.0,0.0
800.850016017,241,800,800016016,map,2.263616839398974,10.685284114378359,0.0,0.0,0.0,0.0,0.0
804.350016087,242,803,850016077,map,3.1392203988773777,10.50204871337209,0.0,0.0,0.0,0.0,0.0
807.350016147,243,807,16140,map,4.039269822456282,10.240211235970776,0.0,0.0,0.0,0.0,0.0
810.350016207,244,810,100016202,map,4.441046284795077,10.158317421637975,0.0,0.0,0.0,0.0,0.0
813.350016267,245,813,200016264,map,3.429975897172559,10.398981931561941,0.0,0.0,0.0,0.0,0.0
816.350016327,246,816,250016325,map,2.619715642709293,10.33357365179273,0.0,0.0,0.0,0.0,0.0
819.850016397,247,819,400016388,map,2.4032498444187667,10.083969263311694,0.0,0.0,0.0,0.0,0.0
822.850016457,248,822,450016449,map,3.2275815427710506,9.944011760165399,0.0,0.0,0.0,0.0,0.0
825.850016517,249,825,600016512,map,4.18412088840985,9.894986012733272,0.0,0.0,0.0,0.0,0.0
828.850016577,250,828,750016575,map,4.900181363127414,9.708347560397018,0.0,0.0,0.0,0.0,0.0
832.350016647,251,831,850016637,map,5.970798118974471,9.760536103613243,0.0,0.0,0.0,0.0,0.0
835.350016707,252,834,950016699,map,6.07828764305114,9.742970857675008,0.0,0.0,0.0,0.0,0.0
838.350016767,253,838,100016762,map,6.080443218385467,9.74187773879725,0.0,0.0,0.0,0.0,0.0
841.350016827,254,841,150016823,map,6.079109709659473,9.74233257256116,0.0,0.0,0.0,0.0,0.0
844.350016887,255,844,250016885,map,6.080744270754865,9.741801644423958,0.0,0.0,0.0,0.0,0.0
847.850016957,256,847,400016948,map,6.077594539479751,9.741133984582266,0.0,0.0,0.0,0.0,0.0
850.850017017,257,850,500017010,map,6.0763179423548355,9.740428169021794,0.0,0.0,0.0,0.0,0.0
853.850017077,258,853,650017073,map,6.080769094424324,9.741463923608027,0.0,0.0,0.0,0.0,0.0
856.850017137,259,856,750017135,map,10.010822562202502,8.844138358157053,0.0,0.0,0.0,0.0,0.0
860.350017207,260,859,850017197,map,10.952204523662042,8.786877010462431,0.0,0.0,0.0,0.0,0.0
863.350017267,261,863,17260,map,11.828160904413457,8.69968864781433,0.0,0.0,0.0,0.0,0.0
866.300017326,262,866,100017322,map,12.276943533108517,8.630916701864185,0.0,0.0,0.0,0.0,0.0
869.350017387,263,869,200017384,map,12.273247924210068,8.631822969792424,0.0,0.0,0.0,0.0,0.0
872.350017447,264,872,300017446,map,12.277446864022995,8.630582937244611,0.0,0.0,0.0,0.0,0.0
875.850017517,265,875,450017509,map,12.278625255376866,8.630263495001579,0.0,0.0,0.0,0.0,0.0
878.850017577,266,878,600017572,map,15.764341723774123,7.79611786955696,0.0,0.0,0.0,0.0,0.0
881.850017637,267,881,700017634,map,14.966615163833348,8.547563844111885,0.0,0.0,0.0,0.0,0.0
885.350017707,268,884,900017698,map,16.106404819084958,7.85841009440631,0.0,0.0,0.0,0.0,0.0
888.350017767,269,888,17760,map,16.09041165461924,7.745465547522136,0.0,0.0,0.0,0.0,0.0
891.350017827,270,891,150017823,map,15.970364106330658,8.101718409998416,0.0,0.0,0.0,0.0,0.0
894.350017887,271,894,250017885,map,16.087714332956907,7.736211931438888,0.0,0.0,0.0,0.0,0.0
897.850017957,272,897,450017949,map,19.878669327096485,5.450804758769506,0.0,0.0,0.0,0.0,0.0
900.850018017,273,900,450018009,map,20.497945186753306,4.842264545308721,0.0,0.0,0.0,0.0,0.0
903.850018077,274,903,600018072,map,20.44396077815066,4.970825392019819,0.0,0.0,0.0,0.0,0.0
906.850018137,275,906,650018133,map,20.10310883271719,5.6892161340771565,0.0,0.0,0.0,0.0,0.0
909.850018197,276,909,750018195,map,19.66668107977727,6.352326229232837,0.0,0.0,0.0,0.0,0.0
913.350018267,277,912,850018257,map,19.655066741141148,5.9822970206024735,0.0,0.0,0.0,0.0,0.0
916.350018327,278,916,50018321,map,20.14985908759934,5.267483768699801,0.0,0.0,0.0,0.0,0.0
919.350018387,279,919,150018383,map,20.55873291369741,4.779929324380739,0.0,0.0,0.0,0.0,0.0
922.350018447,280,922,300018446,map,20.557113307631848,4.781727032208513,0.0,0.0,0.0,0.0,0.0
925.850018517,281,925,450018509,map,20.55683624028336,4.782539957935609,0.0,0.0,0.0,0.0,0.0
928.850018577,282,928,550018571,map,20.55964322577796,4.7789326020577345,0.0,0.0,0.0,0.0,0.0
931.850018637,283,931,700018634,map,22.733144530782887,1.491035004400406,0.0,0.0,0.0,0.0,0.0
934.850018697,284,934,800018696,map,22.99932015310206,1.0027752196481083,0.0,0.0,0.0,0.0,0.0
938.350018767,285,937,950018759,map,22.999728080797436,1.00197706211878,0.0,0.0,0.0,0.0,0.0
941.350018827,286,941,100018822,map,22.99939771181462,1.0043228371880706,0.0,0.0,0.0,0.0,0.0
944.350018887,287,944,200018884,map,22.999921984161634,1.0012468741686606,0.0,0.0,0.0,0.0,0.0
947.850018957,288,947,350018947,map,23.000251369102074,1.0096788520001674,0.0,0.0,0.0,0.0,0.0
951.350019027,289,951,50019021,map,2.3349265181377112,10.94041696751396,0.0,0.0,0.0,0.0,0.0
954.350019087,290,954,200019084,map,3.2020861239453486,10.77729676427196,0.0,0.0,0.0,0.0,0.0
957.350019147,291,957,250019145,map,4.099904092526371,10.451808884832019,0.0,0.0,0.0,0.0,0.0
960.350019207,292,960,350019207,map,4.560866577877157,10.367392715905293,0.0,0.0,0.0,0.0,0.0
963.850019277,293,963,450019269,map,4.205127357204614,10.752548531395151,0.0,0.0,0.0,0.0,0.0
966.850019337,294,966,550019331,map,3.8221860377734362,10.97171651648945,0.0,0.0,0.0,0.0,0.0
969.850019397,295,969,600019392,map,2.966593743837613,11.233954305947945,0.0,0.0,0.0,0.0,0.0
972.850019457,296,972,750019455,map,1.0184674684002895,10.607092239463107,0.0,0.0,0.0,0.0,0.0
975.850019517,297,975,800019516,map,2.653618924340126,10.415206560588052,0.0,0.0,0.0,0.0,0.0
979.350019587,298,978,850019577,map,3.6066962997657384,10.291587483666023,0.0,0.0,0.0,0.0,0.0
982.350019647,299,981,950019639,map,4.529377493914102,10.190603907504144,0.0,0.0,0.0,0.0,0.0
985.350019707,300,985,19700,map,5.421122534476826,10.088260580141437,0.0,0.0,0.0,0.0,0.0
988.350019767,301,988,100019762,map,6.3409881386221985,9.97654927184357,0.0,0.0,0.0,0.0,0.0
991.350019827,302,991,200019824,map,7.106046471023383,9.88454675437907,0.0,0.0,0.0,0.0,0.0
994.350019887,303,994,250019885,map,6.352806999034129,9.872381795193112,0.0,0.0,0.0,0.0,0.0
997.850019957,304,997,350019947,map,5.900926656459979,9.418024056348605,0.0,0.0,0.0,0.0,0.0
1000.850020017,305,1000,450020009,map,6.318158420496729,8.97186036819923,0.0,0.0,0.0,0.0,0.0
1003.850020077,306,1003,500020070,map,7.215981419006371,8.985475304928094,0.0,0.0,0.0,0.0,0.0
1006.850020137,307,1006,600020132,map,8.131074562182281,9.026077180757909,0.0,0.0,0.0,0.0,0.0
1009.850020197,308,1009,700020194,map,9.042326301232873,9.041140318522231,0.0,0.0,0.0,0.0,0.0
1012.850020257,309,1012,800020256,map,9.953112562735562,9.03621027203231,0.0,0.0,0.0,0.0,0.0
1016.350020327,310,1015,900020318,map,10.85486500149732,8.995999603274894,0.0,0.0,0.0,0.0,0.0
1019.350020387,311,1019,50020381,map,11.773273998124505,8.899545932193798,0.0,0.0,0.0,0.0,0.0
1022.350020447,312,1022,50020441,map,12.60522891321773,8.73053793864675,0.0,0.0,0.0,0.0,0.0
1025.350020507,313,1025,100020502,map,12.657821206870299,8.717127402474038,0.0,0.0,0.0,0.0,0.0
1028.350020567,314,1028,200020564,map,12.65992108211262,8.716460364972283,0.0,0.0,0.0,0.0,0.0
1031.350020627,315,1031,250020625,map,12.660360655722528,8.716270630745342,0.0,0.0,0.0,0.0,0.0
1034.350020687,316,1034,350020687,map,12.65992859075744,8.715917080422313,0.0,0.0,0.0,0.0,0.0
1037.850020757,317,1037,500020750,map,12.65830510023246,8.715228589750401,0.0,0.0,0.0,0.0,0.0
1040.850020817,318,1040,600020812,map,12.660717629950557,8.71632081888895,0.0,0.0,0.0,0.0,0.0
1043.900020878,319,1043,700020874,map,15.516588036223723,8.796907051401053,0.0,0.0,0.0,0.0,0.0
1046.850020937,320,1046,750020935,map,15.86108937146591,7.746741747089024,0.0,0.0,0.0,0.0,0.0
1050.350021007,321,1049,850020997,map,15.864838326900053,7.75415732239124,0.0,0.0,0.0,0.0,0.0
1053.350021067,322,1052,950021059,map,15.862195976961203,7.74649875148482,0.0,0.0,0.0,0.0,0.0
1056.350021127,323,1055,950021119,map,15.864454968732254,7.74635337873964,0.0,0.0,0.0,0.0,0.0
1059.350021187,324,1059,50021181,map,15.863659640553873,7.748406278401898,0.0,0.0,0.0,0.0,0.0
1062.350021247,325,1062,150021243,map,19.95583904340737,4.709117870597331,0.0,0.0,0.0,0.0,0.0
1065.350021307,326,1065,250021305,map,19.889143572389195,7.338559620558236,0.0,0.0,0.0,0.0,0.0
1068.850021377,327,1068,350021367,map,19.958776130374,5.809044287977575,0.0,0.0,0.0,0.0,0.0
1071.850021437,328,1071,450021429,map,19.91163044471975,6.249787153558152,0.0,0.0,0.0,0.0,0.0
1074.850021497,329,1074,550021491,map,20.468266217003166,5.76685203367335,0.0,0.0,0.0,0.0,0.0
1077.850021557,330,1077,650021553,map,20.628312465640597,4.956963905587393,0.0,0.0,0.0,0.0,0.0
1080.850021617,331,1080,700021614,map,20.847326125109692,4.168145219481695,0.0,0.0,0.0,0.0,0.0
1083.850021677,332,1083,750021675,map,21.404614595099837,3.3184758783397594,0.0,0.0,0.0,0.0,0.0
1087.350021747,333,1086,850021737,map,21.90256088842082,2.6698453140655003,0.0,0.0,0.0,0.0,0.0
1090.350021807,334,1089,900021798,map,22.4249197009224,2.0239416316882908,0.0,0.0,0.0,0.0,0.0
1093.350021867,335,1093,21860,map,22.859855188299115,1.2760865557326375,0.0,0.0,0.0,0.0,0.0
1096.350021927,336,1096,100021922,map,22.999330782418102,1.001894648281002,0.0,0.0,0.0,0.0,0.0
1099.350021987,337,1099,100021982,map,22.999818558795567,1.0015451837984997,0.0,0.0,0.0,0.0,0.0
1102.400022048,338,1102,250022045,map,22.997300722194428,1.011328704483618,0.0,0.0,0.0,0.0,0.0
1105.400022108,339,1105,350022107,map,22.999867424201703,1.0011368810619423,0.0,0.0,0.0,0.0,0.0
1108.850022177,340,1108,450022169,map,1.3048047126260143,10.23342445934766,0.0,0.0,0.0,0.0,0.0
1111.850022237,341,1111,450022229,map,2.3500849217204625,10.7843418635797,0.0,0.0,0.0,0.0,0.0
1114.850022297,342,1114,550022291,map,3.273561047930704,10.594174960570147,0.0,0.0,0.0,0.0,0.0
1117.850022357,343,1117,650022353,map,4.161226536679608,10.31251818588849,0.0,0.0,0.0,0.0,0.0
1120.850022417,344,1120,700022414,map,4.6512514292386165,10.266903663792068,0.0,0.0,0.0,0.0,0.0
1123.850022477,345,1123,800022476,map,4.691819680076536,10.140922110961712,0.0,0.0,0.0,0.0,0.0
1127.350022547,346,1126,900022538,map,4.39847715903089,9.888865614529486,0.0,0.0,0.0,0.0,0.0
1130.350022607,347,1129,950022599,map,5.13001583106206,9.711392516736508,0.0,0.0,0.0,0.0,0.0
1133.350022667,348,1133,50022661,map,5.968067157947896,9.751058661286491,0.0,0.0,0.0,0.0,0.0
1136.350022727,349,1136,100022722,map,6.868196913409814,9.693821000488247,0.0,0.0,0.0,0.0,0.0
1139.400022788,350,1139,150022783,map,6.942102179930139,9.68694125417299,0.0,0.0,0.0,0.0,0.0
1142.350022847,351,1142,250022845,map,6.9433229432107755,9.686666498667599,0.0,0.0,0.0,0.0,0.0
1145.350022907,352,1145,350022907,map,6.9425380710369975,9.686434189394571,0.0,0.0,0.0,0.0,0.0
1148.850022977,353,1148,450022969,map,6.94460792992688,9.686352096704017,0.0,0.0,0.0,0.0,0.0
1151.850023037,354,1151,550023031,map,11.12493996205841,8.765775551929234,0.0,0.0,0.0,0.0,0.0
1154.900023098,355,1154,650023093,map,11.998124507072179,8.73241155808568,0.0,0.0,0.0,0.0,0.0
1157.900023158,356,1157,750023155,map,12.524751009694496,8.671178137843384,0.0,0.0,0.0,0.0,0.0
1161.350023227,357,1160,850023217,map,12.52640868279261,8.670708613180738,0.0,0.0,0.0,0.0,0.0
1164.350023287,358,1163,950023279,map,12.52513783187019,8.670439463137875,0.0,0.0,0.0,0.0,0.0
1167.350023347,359,1167,50023341,map,12.520896063429756,8.668567319698354,0.0,0.0,0.0,0.0,0.0
1170.350023407,360,1170,100023402,map,12.52587029522452,8.670540130020719,0.0,0.0,0.0,0.0,0.0
1173.350023467,361,1173,250023465,map,15.474349649420446,7.950791113056395,0.0,0.0,0.0,0.0,0.0
1176.400023528,362,1176,250023525,map,15.472522698571353,7.951639635433787,0.0,0.0,0.0,0.0,0.0
1179.350023587,363,1179,350023587,map,15.631021476206943,7.828247112512003,0.0,0.0,0.0,0.0,0.0
1182.850023657,364,1182,450023649,map,15.562720275203995,7.772123668140631,0.0,0.0,0.0,0.0,0.0
1185.850023717,365,1185,550023711,map,15.451289435916364,7.853595782465575,0.0,0.0,0.0,0.0,0.0
1188.850023777,366,1188,600023772,map,19.7496743924697,5.561119422157661,0.0,0.0,0.0,0.0,0.0
1191.900023838,367,1191,750023835,map,20.372512006507584,4.98268267912708,0.0,0.0,0.0,0.0,0.0
1194.900023898,368,1194,800023896,map,20.348696017487118,5.4349129223610735,0.0,0.0,0.0,0.0,0.0
1197.900023958,369,1197,850023957,map,19.84645569607829,6.088787785502799,0.0,0.0,0.0,0.0,0.0
1201.350024027,370,1200,900024018,map,19.662091688776357,5.813670484934793,0.0,0.0,0.0,0.0,0.0
1204.350024087,371,1204,24080,map,20.201289696981053,5.1487275139038875,0.0,0.0,0.0,0.0,0.0
1207.350024147,372,1207,100024142,map,20.831622155184043,4.517241571513303,0.0,0.0,0.0,0.0,0.0
1210.350024207,373,1210,150024203,map,21.48261799913243,3.8157498316858858,0.0,0.0,0.0,0.0,0.0
1213.350024267,374,1213,200024264,map,21.48777012298369,3.8101224576594657,0.0,0.0,0.0,0.0,0.0
1216.350024327,375,1216,250024325,map,21.486836598060087,3.8115862336478536,0.0,0.0,0.0,0.0,0.0
1219.350024387,376,1219,350024387,map,21.487534240830435,3.810769901526153,0.0,0.0,0.0,0.0,0.0
1222.850024457,377,1222,450024449,map,21.487510116697393,3.813962710357374,0.0,0.0,0.0,0.0,0.0
1225.850024517,378,1225,500024510,map,23.000024662435653,1.0008089519393397,0.0,0.0,0.0,0.0,0.0
1228.850024577,379,1228,650024573,map,22.99843830496573,1.0099630731595175,0.0,0.0,0.0,0.0,0.0
1231.850024637,380,1231,700024634,map,23.000008554348547,1.0013645203679076,0.0,0.0,0.0,0.0,0.0
1234.850024697,381,1234,750024695,map,23.000006019828614,1.001375798561687,0.0,0.0,0.0,0.0,0.0
1238.850024777,382,1238,500024770,map,2.2755775035529466,10.757437413453133,0.0,0.0,0.0,0.0,0.0
1241.850024837,383,1241,550024831,map,3.1492520639104113,10.564972679902501,0.0,0.0,0.0,0.0,0.0
1244.850024897,384,1244,650024893,map,4.048661068535413,10.311663614154842,0.0,0.0,0.0,0.0,0.0
1247.850024957,385,1247,750024955,map,4.538534718704427,10.16409847462011,0.0,0.0,0.0,0.0,0.0
1251.850025037,386,1251,600025032,map,2.6428417693486854,10.529253926945195,0.0,0.0,0.0,0.0,0.0
1254.850025097,387,1254,700025094,map,-2.3735451401518204,10.571289322812978,0.0,0.0,0.0,0.0,0.0
1257.850025157,388,1257,750025155,map,2.647148566337857,10.523026697536295,0.0,0.0,0.0,0.0,0.0
1261.350025227,389,1260,950025219,map,2.4919756993597333,10.553056813443874,0.0,0.0,0.0,0.0,0.0
1264.350025287,390,1264,50025281,map,2.6447666642149983,10.521864768166843,0.0,0.0,0.0,0.0,0.0
1267.350025347,391,1267,100025342,map,2.6442300463212707,10.52303341190322,0.0,0.0,0.0,0.0,0.0
1270.350025407,392,1270,250025405,map,2.6379643669987938,10.523804862353792,0.0,0.0,0.0,0.0,0.0
1273.850025477,393,1273,350025467,map,2.6467068043083586,10.523064941276292,0.0,0.0,0.0,0.0,0.0
1276.850025537,394,1276,450025529,map,6.713781832560383,9.871784946108182,0.0,0.0,0.0,0.0,0.0
1279.850025597,395,1279,550025591,map,7.012888822275919,9.869361150938207,0.0,0.0,0.0,0.0,0.0
1282.850025657,396,1282,700025654,map,6.177516605375631,9.836796721328104,0.0,0.0,0.0,0.0,0.0
1285.850025717,397,1285,800025716,map,5.671238751934483,9.571425139658555,0.0,0.0,0.0,0.0,0.0
1289.350025787,398,1288,900025778,map,6.1526614367956665,9.300754152455816,0.0,0.0,0.0,0.0,0.0
1292.350025847,399,1292,25840,map,7.048893144177034,9.34291157704898,0.0,0.0,0.0,0.0,0.0
1295.350025907,400,1295,100025902,map,7.980421036997525,9.383944375539597,0.0,0.0,0.0,0.0,0.0
1298.350025967,401,1298,200025964,map,8.90513097514833,9.399121992750544,0.0,0.0,0.0,0.0,0.0
1301.850026037,402,1301,350026027,map,8.949931156033609,9.398925555740625,0.0,0.0,0.0,0.0,0.0
1304.850026097,403,1304,450026089,map,8.946930494954742,9.399353828436158,0.0,0.0,0.0,0.0,0.0
1307.850026157,404,1307,600026152,map,8.953537458257784,9.398994091813627,0.0,0.0,0.0,0.0,0.0
1310.850026217,405,1310,750026215,map,12.099264876856722,8.935669086243609,0.0,0.0,0.0,0.0,0.0
1314.350026287,406,1313,850026277,map,12.09996129307249,8.93569522852294,0.0,0.0,0.0,0.0,0.0
1317.350026347,407,1317,26340,map,12.101082548690075,8.935345666888248,0.0,0.0,0.0,0.0,0.0
1320.350026407,408,1320,150026403,map,12.099786455041697,8.9347740070152,0.0,0.0,0.0,0.0,0.0
1323.350026467,409,1323,250026465,map,12.101916407626671,8.935278461219514,0.0,0.0,0.0,0.0,0.0
1326.850026537,410,1326,400026528,map,15.53799842556024,8.050060341492998,0.0,0.0,0.0,0.0,0.0
1329.850026597,411,1329,500026590,map,15.649246958731913,8.82862775232463,0.0,0.0,0.0,0.0,0.0
1332.850026657,412,1332,550026651,map,15.540054916855293,8.049813115404682,0.0,0.0,0.0,0.0,0.0
1335.850026717,413,1335,650026713,map,15.697024976055262,7.948759654978793,0.0,0.0,0.0,0.0,0.0
1338.850026777,414,1338,750026775,map,16.0565319917312,8.063922330633922,0.0,0.0,0.0,0.0,0.0
1342.350026847,415,1341,900026838,map,18.80694457182188,5.649824407900622,0.0,0.0,0.0,0.0,0.0
1345.350026907,416,1345,26900,map,19.494463387222595,5.168590525660783,0.0,0.0,0.0,0.0,0.0
1348.350026967,417,1348,100026962,map,20.102747570759384,4.6362129310016815,0.0,0.0,0.0,0.0,0.0
1351.400027028,418,1351,250027025,map,20.25622398114981,5.270783772947867,0.0,0.0,0.0,0.0,0.0
1354.900027098,419,1354,350027087,map,19.78787737942966,5.980432891966819,0.0,0.0,0.0,0.0,0.0
1357.900027158,420,1357,450027149,map,19.339498484965937,5.830679896131154,0.0,0.0,0.0,0.0,0.0
1360.900027218,421,1360,550027211,map,19.78841083911255,5.0736015307100075,0.0,0.0,0.0,0.0,0.0
1363.900027278,422,1363,650027273,map,20.38809048459812,4.365325805757426,0.0,0.0,0.0,0.0,0.0
1366.900027338,423,1366,750027335,map,20.014288627440518,4.896535561162017,0.0,0.0,0.0,0.0,0.0
1370.350027407,424,1369,950027399,map,21.644708549215537,2.8343991032343254,0.0,0.0,0.0,0.0,0.0
1373.350027467,425,1373,50027461,map,22.178705691730023,2.2790963595177116,0.0,0.0,0.0,0.0,0.0
1376.350027527,426,1376,200027524,map,22.65595238102835,1.610295409997399,0.0,0.0,0.0,0.0,0.0
1379.850027597,427,1379,350027587,map,22.998068935662566,1.0043553555305504,0.0,0.0,0.0,0.0,0.0
1382.850027657,428,1382,450027649,map,22.999129480770392,1.0025977802918846,0.0,0.0,0.0,0.0,0.0
1385.850027717,429,1385,600027712,map,22.999178660293236,1.0042380949158698,0.0,0.0,0.0,0.0,0.0
1388.850027777,430,1388,700027774,map,22.999814304951933,1.0013691026659886,0.0,0.0,0.0,0.0,0.0
1392.350027847,431,1391,850027837,map,22.9999219576315,1.0009254949116442,0.0,0.0,0.0,0.0,0.0
1396.350027927,432,1396,250027925,map,2.328421672737923,10.932278914123978,0.0,0.0,0.0,0.0,0.0
1399.350027987,433,1399,300027986,map,3.232589632862146,10.729985270665965,0.0,0.0,0.0,0.0,0.0
1402.850028057,434,1402,400028048,map,4.101646657105689,10.431181210077636,0.0,0.0,0.0,0.0,0.0
1405.850028117,435,1405,450028109,map,4.605152648093274,10.351172645997131,0.0,0.0,0.0,0.0,0.0
1408.850028177,436,1408,550028171,map,4.598911118294719,10.500917602184705,0.0,0.0,0.0,0.0,0.0
1411.850028237,437,1411,650028233,map,3.8898460792270098,10.23063950749114,0.0,0.0,0.0,0.0,0.0
1414.850028297,438,1414,750028295,map,3.4072934949199656,9.725040533261687,0.0,0.0,0.0,0.0,0.0
1417.850028357,439,1417,800028356,map,3.9270872532481453,9.249149879249805,0.0,0.0,0.0,0.0,0.0
1421.350028427,440,1420,900028418,map,4.818657356878748,9.199335468816297,0.0,0.0,0.0,0.0,0.0
1424.350028487,441,1423,950028479,map,5.582836232117702,8.87838796784268,0.0,0.0,0.0,0.0,0.0
1427.350028547,442,1427,50028541,map,6.202951246574416,8.903404819140924,0.0,0.0,0.0,0.0,0.0
1430.350028607,443,1430,150028603,map,6.481450941895543,9.394494979020443,0.0,0.0,0.0,0.0,0.0
1433.350028667,444,1433,250028665,map,5.736435495736824,9.768981149920432,0.0,0.0,0.0,0.0,0.0
1436.350028727,445,1436,300028726,map,4.695282418874994,10.006368624472053,0.0,0.0,0.0,0.0,0.0
1439.850028797,446,1439,400028788,map,3.799958884654812,9.98822879659576,0.0,0.0,0.0,0.0,0.0
1442.850028857,447,1442,550028851,map,3.273960543754658,9.545063612984714,0.0,0.0,0.0,0.0,0.0
1445.850028917,448,1445,600028912,map,3.9387555467855524,9.196834596264205,0.0,0.0,0.0,0.0,0.0
1448.850028977,449,1448,750028975,map,4.803230030454937,9.374071049074747,0.0,0.0,0.0,0.0,0.0
1451.850029037,450,1451,800029036,map,5.712649827043947,9.340613237101376,0.0,0.0,0.0,0.0,0.0
1455.350029107,451,1454,900029098,map,6.36613770648818,8.931660363379935,0.0,0.0,0.0,0.0,0.0
1458.350029167,452,1458,29160,map,7.056808506248609,8.569345709995897,0.0,0.0,0.0,0.0,0.0
1461.350029227,453,1461,100029222,map,7.223538213493889,8.461260624266934,0.0,0.0,0.0,0.0,0.0
1464.350029287,454,1464,200029284,map,7.08405493723676,8.45856594384443,0.0,0.0,0.0,0.0,0.0
1468.350029367,455,1468,29360,map,5.101848824210376,8.925652258763758,0.0,0.0,0.0,0.0,0.0
1471.350029427,456,1471,150029423,map,5.101794502204181,8.926127086824664,0.0,0.0,0.0,0.0,0.0
1474.350029487,457,1474,250029485,map,5.100597605160892,8.92709512875128,0.0,0.0,0.0,0.0,0.0
1477.850029557,458,1477,350029547,map,5.102136375206291,8.927390959963892,0.0,0.0,0.0,0.0,0.0
1480.850029617,459,1480,400029608,map,5.104485408036986,8.926766554201407,0.0,0.0,0.0,0.0,0.0
1483.850029677,460,1483,500029670,map,9.02702828106067,8.494432282129354,0.0,0.0,0.0,0.0,0.0
1486.850029737,461,1486,650029733,map,9.930170574131932,8.227549049502777,0.0,0.0,0.0,0.0,0.0
1489.850029797,462,1489,750029795,map,9.93619491595521,8.2255473725163,0.0,0.0,0.0,0.0,0.0
1492.850029857,463,1492,800029856,map,9.932340974683854,8.227751132864974,0.0,0.0,0.0,0.0,0.0
1496.350029927,464,1495,950029919,map,9.93545024569464,8.22692530123015,0.0,0.0,0.0,0.0,0.0
1499.350029987,465,1499,50029981,map,9.936907001723275,8.225428230089499,0.0,0.0,0.0,0.0,0.0
1502.350030047,466,1502,150030043,map,13.728986440534896,8.280325461205507,0.0,0.0,0.0,0.0,0.0
1505.350030107,467,1505,250030105,map,14.23433694744891,8.19721487176612,0.0,0.0,0.0,0.0,0.0
1508.850030177,468,1508,350030167,map,14.712382971903008,8.244905536488668,0.0,0.0,0.0,0.0,0.0
1511.850030237,469,1511,500030230,map,14.712084926864216,8.245153906290586,0.0,0.0,0.0,0.0,0.0
1514.850030297,470,1514,600030292,map,14.713075911177917,8.24555451989837,0.0,0.0,0.0,0.0,0.0
1517.850030357,471,1517,750030355,map,14.716251996608296,8.24523028543381,0.0,0.0,0.0,0.0,0.0
1521.350030427,472,1520,900030418,map,14.715620627250301,8.24725137682148,0.0,0.0,0.0,0.0,0.0
1524.350030487,473,1524,50030481,map,14.717873166184393,8.247556985886643,0.0,0.0,0.0,0.0,0.0
1527.400030548,474,1527,150030543,map,18.95003707804285,6.0741644992126655,0.0,0.0,0.0,0.0,0.0
1530.350030607,475,1530,250030605,map,18.947340377844107,6.077145696710611,0.0,0.0,0.0,0.0,0.0
1533.850030677,476,1533,400030668,map,18.948640567939748,6.076292444036671,0.0,0.0,0.0,0.0,0.0
1536.850030737,477,1536,450030729,map,18.94848948453594,6.0781000348748115,0.0,0.0,0.0,0.0,0.0
1539.850030797,478,1539,600030792,map,18.949885882039798,6.075229466657538,0.0,0.0,0.0,0.0,0.0
1542.850030857,479,1542,800030856,map,18.94951259051215,6.075024237426961,0.0,0.0,0.0,0.0,0.0
1546.350030927,480,1545,950030919,map,18.94886979146922,6.075833864133327,0.0,0.0,0.0,0.0,0.0
1549.400030988,481,1549,150030983,map,18.950211840026014,6.074060231810709,0.0,0.0,0.0,0.0,0.0
1552.350031047,482,1552,250031045,map,18.950038899539102,6.074684724174056,0.0,0.0,0.0,0.0,0.0
1555.850031117,483,1555,400031108,map,21.77242584166663,2.736038725445886,0.0,0.0,0.0,0.0,0.0
1558.850031177,484,1558,550031171,map,22.341335287774942,2.0808671194905255,0.0,0.0,0.0,0.0,0.0
1561.850031237,485,1561,650031233,map,22.83240285694501,1.302468706605156,0.0,0.0,0.0,0.0,0.0
1564.850031297,486,1564,800031296,map,22.997059310685568,1.0079899434119288,0.0,0.0,0.0,0.0,0.0
1568.350031367,487,1567,950031359,map,22.99969209343692,1.001735893420368,0.0,0.0,0.0,0.0,0.0
1571.350031427,488,1571,50031421,map,22.999298456566287,1.0042801738439189,0.0,0.0,0.0,0.0,0.0
1574.350031487,489,1574,200031484,map,22.99241728922125,1.0739919614326996,0.0,0.0,0.0,0.0,0.0
1577.850031557,490,1577,350031547,map,1.2606457003170497,10.232847476762586,0.0,0.0,0.0,0.0,0.0
1580.850031617,491,1580,550031611,map,2.3643529613965875,10.829664546521593,0.0,0.0,0.0,0.0,0.0
1583.850031677,492,1583,650031673,map,3.309347052143353,10.67479656040762,0.0,0.0,0.0,0.0,0.0
1586.850031737,493,1586,750031735,map,4.185464095832501,10.388404088219383,0.0,0.0,0.0,0.0,0.0
1590.350031807,494,1589,850031797,map,4.368043292935635,10.413627720936805,0.0,0.0,0.0,0.0,0.0
1593.350031867,495,1592,950031859,map,3.3632729400651487,10.539397061449229,0.0,0.0,0.0,0.0,0.0
1596.350031927,496,1596,50031921,map,2.6063136960965787,10.230783958375124,0.0,0.0,0.0,0.0,0.0
1599.350031987,497,1599,150031983,map,2.6861693125252457,9.748208398401054,0.0,0.0,0.0,0.0,0.0
1602.350032047,498,1602,250032045,map,3.625172307613354,9.635689122116919,0.0,0.0,0.0,0.0,0.0
1605.850032117,499,1605,400032108,map,4.575342738531457,9.51885399604733,0.0,0.0,0.0,0.0,0.0
1608.850032177,500,1608,500032170,map,5.463933965745168,9.600618630674141,0.0,0.0,0.0,0.0,0.0
1611.850032237,501,1611,650032233,map,6.3003869085639765,9.76443376178032,0.0,0.0,0.0,0.0,0.0
1614.850032297,502,1614,750032295,map,7.169475118301363,9.747537047564746,0.0,0.0,0.0,0.0,0.0
1618.350032367,503,1617,850032357,map,7.879243355731373,9.662292375218376,0.0,0.0,0.0,0.0,0.0
1621.350032427,504,1621,32420,map,6.920815779768085,9.79247803969939,0.0,0.0,0.0,0.0,0.0
1624.350032487,505,1624,150032483,map,6.376949673641839,9.380855753672822,0.0,0.0,0.0,0.0,0.0
1627.350032547,506,1627,200032544,map,6.329808966609729,8.896046545447343,0.0,0.0,0.0,0.0,0.0
1630.350032607,507,1630,300032606,map,7.184445383149983,8.803966392749661,0.0,0.0,0.0,0.0,0.0
1633.850032677,508,1633,450032669,map,8.083950153461277,8.84106659849597,0.0,0.0,0.0,0.0,0.0
1636.850032737,509,1636,550032731,map,9.059624681458025,8.862667604469149,0.0,0.0,0.0,0.0,0.0
1639.850032797,510,1639,650032793,map,9.95040850888726,8.866436042882695,0.0,0.0,0.0,0.0,0.0
1642.850032857,511,1642,800032856,map,10.924813226949249,8.842047082557817,0.0,0.0,0.0,0.0,0.0
1646.350032927,512,1645,950032919,map,11.832847608937085,8.778192366734533,0.0,0.0,0.0,0.0,0.0
1649.350032987,513,1649,32980,map,12.635772654628306,8.66840856001874,0.0,0.0,0.0,0.0,0.0
1652.350033047,514,1652,150033043,map,12.65589864545705,8.664625218441298,0.0,0.0,0.0,0.0,0.0
1655.350033107,515,1655,250033105,map,12.65174952759629,8.664630260412707,0.0,0.0,0.0,0.0,0.0
1658.850033177,516,1658,400033168,map,12.64769459454788,8.661908832637046,0.0,0.0,0.0,0.0,0.0
1661.850033237,517,1661,500033230,map,12.655149123980529,8.66431409233819,0.0,0.0,0.0,0.0,0.0
1664.850033297,518,1664,600033292,map,15.556349223094122,8.770774149501353,0.0,0.0,0.0,0.0,0.0
1667.850033357,519,1667,650033353,map,15.590994450813993,7.9026290794931375,0.0,0.0,0.0,0.0,0.0
1670.850033417,520,1670,800033416,map,15.682230705487983,7.86224689659687,0.0,0.0,0.0,0.0,0.0
1674.350033487,521,1673,900033478,map,15.6578312308115,7.822576371028743,0.0,0.0,0.0,0.0,0.0
1677.350033547,522,1677,33540,map,15.610221920066563,7.802429184515176,0.0,0.0,0.0,0.0,0.0
1680.350033607,523,1680,150033603,map,15.59811996893269,7.9009758936657235,0.0,0.0,0.0,0.0,0.0
1683.350033667,524,1683,300033666,map,19.88876238235484,4.75165029599976,0.0,0.0,0.0,0.0,0.0
1686.850033737,525,1686,400033728,map,20.285995919866536,5.004221332455948,0.0,0.0,0.0,0.0,0.0
1689.850033797,526,1689,550033791,map,19.96271291388185,5.795497094199483,0.0,0.0,0.0,0.0,0.0
1692.850033857,527,1692,750033855,map,19.39385994353536,5.986416038294481,0.0,0.0,0.0,0.0,0.0
1695.850033917,528,1695,800033916,map,19.565286308438857,5.279054690288218,0.0,0.0,0.0,0.0,0.0
1699.350033987,529,1698,850033977,map,20.2103660555117,4.588617485113408,0.0,0.0,0.0,0.0,0.0
1702.350034047,530,1702,34040,map,19.811347327894932,5.148878228109049,0.0,0.0,0.0,0.0,0.0
1705.350034107,531,1705,50034101,map,21.653176005789064,2.835414036918352,0.0,0.0,0.0,0.0,0.0
1708.350034167,532,1708,200034164,map,21.98159909870958,2.4926141210026094,0.0,0.0,0.0,0.0,0.0
1711.350034227,533,1711,300034226,map,22.51798852885831,1.8318960265989,0.0,0.0,0.0,0.0,0.0
1714.850034297,534,1714,450034289,map,22.975852657889224,1.0456547104824088,0.0,0.0,0.0,0.0,0.0
1717.850034357,535,1717,550034351,map,22.99963601854565,1.0006825553803331,0.0,0.0,0.0,0.0,0.0
1720.850034417,536,1720,700034414,map,22.999227399309863,1.0031037650942274,0.0,0.0,0.0,0.0,0.0
1724.350034487,537,1723,900034478,map,22.99893104287238,1.006357238189369,0.0,0.0,0.0,0.0,0.0
1727.350034547,538,1726,950034539,map,22.999598066674128,1.001729146805004,0.0,0.0,0.0,0.0,0.0
1730.400034608,539,1730,50034601,map,1.4212940280572144,10.201101033765937,0.0,0.0,0.0,0.0,0.0
1732.850034657,540,1732,450034649,map,2.355055170751901,10.773145597325842,0.0,0.0,0.0,0.0,0.0
1735.900034718,541,1735,550034711,map,3.292985966603408,10.580564177186963,0.0,0.0,0.0,0.0,0.0
1738.900034778,542,1738,550034771,map,4.105378044223669,10.312404354057346,0.0,0.0,0.0,0.0,0.0
1741.850034837,543,1741,650034833,map,4.5631588949537,10.24366593170812,0.0,0.0,0.0,0.0,0.0
1744.850034897,544,1744,750034895,map,4.486206140247754,10.352262605366846,0.0,0.0,0.0,0.0,0.0
1747.850034957,545,1747,850034957,map,3.7652708408266555,10.282324713636505,0.0,0.0,0.0,0.0,0.0
1751.350035027,546,1750,950035019,map,2.9976068305884693,10.1109523301519,0.0,0.0,0.0,0.0,0.0
1754.400035088,547,1754,50035081,map,2.990428385156082,9.748649692766593,0.0,0.0,0.0,0.0,0.0
1757.350035147,548,1757,150035143,map,3.845207509399007,9.693344881635934,0.0,0.0,0.0,0.0,0.0
1760.350035207,549,1760,250035205,map,4.721481316849216,9.777636239204714,0.0,0.0,0.0,0.0,0.0
1763.400035268,550,1763,300035266,map,5.556869663268653,9.80704669729958,0.0,0.0,0.0,0.0,0.0
1766.850035337,551,1766,400035328,map,6.429371447513156,9.749328834537167,0.0,0.0,0.0,0.0,0.0
1769.850035397,552,1769,500035390,map,7.326140654649335,9.578737970332433,0.0,0.0,0.0,0.0,0.0
1772.900035458,553,1772,550035451,map,7.05359094817403,9.640451860597675,0.0,0.0,0.0,0.0,0.0
1775.850035517,554,1775,650035513,map,6.653343663484974,9.594676715776304,0.0,0.0,0.0,0.0,0.0
1778.850035577,555,1778,700035574,map,6.794883776349522,9.496379666117974,0.0,0.0,0.0,0.0,0.0
1781.900035638,556,1781,750035635,map,7.381913578703603,9.562873191586645,0.0,0.0,0.0,0.0,0.0
1784.850035697,557,1784,800035696,map,7.380736864772027,9.56272687379565,0.0,0.0,0.0,0.0,0.0
1787.900035758,558,1787,900035758,map,7.375182355423679,9.561638212310768,0.0,0.0,0.0,0.0,0.0
1791.400035828,559,1790,950035819,map,7.382171061569828,9.562412689330753,0.0,0.0,0.0,0.0,0.0
1794.400035888,560,1794,50035881,map,11.336782363154134,8.745261527914517,0.0,0.0,0.0,0.0,0.0
1797.400035948,561,1797,100035942,map,12.220589222358777,8.6764832552591,0.0,0.0,0.0,0.0,0.0
1800.400036008,562,1800,150036003,map,12.736260356204571,8.59298477553253,0.0,0.0,0.0,0.0,0.0
1803.350036067,563,1803,200036064,map,12.736885231353158,8.593002598494968,0.0,0.0,0.0,0.0,0.0
1806.350036127,564,1806,300036126,map,12.73517967268894,8.592739420826021,0.0,0.0,0.0,0.0,0.0
1809.850036197,565,1809,400036188,map,12.72518792746239,8.589548891731312,0.0,0.0,0.0,0.0,0.0
1812.850036257,566,1812,550036251,map,12.734853626291711,8.593382825972373,0.0,0.0,0.0,0.0,0.0
1815.900036318,567,1815,650036313,map,15.939471725617357,8.92801143235757,0.0,0.0,0.0,0.0,0.0
1818.850036377,568,1818,750036375,map,16.610752191467768,7.517349088157698,0.0,0.0,0.0,0.0,0.0
1821.850036437,569,1821,850036437,map,16.607379254721998,7.520036127921704,0.0,0.0,0.0,0.0,0.0
1825.350036507,570,1824,900036498,map,16.607349937880684,7.52186415785193,0.0,0.0,0.0,0.0,0.0
1828.350036567,571,1828,36560,map,16.610931934802274,7.518082973474521,0.0,0.0,0.0,0.0,0.0
1831.350036627,572,1831,100036622,map,16.611271424685526,7.517577180917596,0.0,0.0,0.0,0.0,0.0
1834.350036687,573,1834,200036684,map,20.4141077182353,4.950323337653495,0.0,0.0,0.0,0.0,0.0
1837.350036747,574,1837,300036746,map,20.365234970704478,5.316227206750295,0.0,0.0,0.0,0.0,0.0
1840.850036817,575,1840,400036808,map,19.988189242114952,6.070257623108879,0.0,0.0,0.0,0.0,0.0
1843.850036877,576,1843,400036868,map,19.563753210870697,6.306655005285206,0.0,0.0,0.0,0.0,0.0
1846.850036937,577,1846,500036930,map,19.846862809185588,5.667996938644186,0.0,0.0,0.0,0.0,0.0
1849.850036997,578,1849,550036991,map,20.43950213853507,4.961856501565782,0.0,0.0,0.0,0.0,0.0
1852.850037057,579,1852,600037052,map,21.012632198623496,4.3333379830816305,0.0,0.0,0.0,0.0,0.0
1855.850037117,580,1855,650037113,map,20.5339443571631,4.844560065460218,0.0,0.0,0.0,0.0,0.0
1858.850037177,581,1858,750037175,map,21.01249797472743,4.333880709216576,0.0,0.0,0.0,0.0,0.0
1861.850037237,582,1861,800037236,map,21.01487125808842,4.331622900025422,0.0,0.0,0.0,0.0,0.0
1865.350037307,583,1864,900037298,map,22.889786590236273,1.1983771153665008,0.0,0.0,0.0,0.0,0.0
1868.350037367,584,1868,37360,map,22.99761209895787,1.0070991893723704,0.0,0.0,0.0,0.0,0.0
1871.350037427,585,1871,50037421,map,23.000025841775443,1.0012043821970162,0.0,0.0,0.0,0.0,0.0
1874.350037487,586,1874,150037483,map,22.999817991445823,1.0035077710831712,0.0,0.0,0.0,0.0,0.0
1877.350037547,587,1877,250037545,map,22.99993125966901,1.0024818093251593,0.0,0.0,0.0,0.0,0.0
1880.850037617,588,1880,400037608,map,1.3482584836105784,10.214185966564195,0.0,0.0,0.0,0.0,0.0
1883.400037668,589,1883,100037662,map,2.2882467723583284,10.617087558110802,0.0,0.0,0.0,0.0,0.0
1886.350037727,590,1886,200037724,map,2.7183595058460264,10.193667709220415,0.0,0.0,0.0,0.0,0.0
1889.350037787,591,1889,350037787,map,3.4812909250336714,9.87925328144706,0.0,0.0,0.0,0.0,0.0
1892.900037858,592,1892,400037848,map,3.9319000369703145,9.62028229537415,0.0,0.0,0.0,0.0,0.0
1895.850037917,593,1895,400037908,map,4.135109470112651,9.368249861197086,0.0,0.0,0.0,0.0,0.0
1898.850037977,594,1898,450037969,map,4.832690983503798,9.357352439650395,0.0,0.0,0.0,0.0,0.0
1901.850038037,595,1901,550038031,map,5.576499388778643,9.58915288355037,0.0,0.0,0.0,0.0,0.0
1904.850038097,596,1904,650038093,map,6.112004220947604,9.751612328373708,0.0,0.0,0.0,0.0,0.0
1907.850038157,597,1907,750038155,map,6.11399222789228,9.75185752295265,0.0,0.0,0.0,0.0,0.0
1910.900038218,598,1910,800038216,map,6.110507727941318,9.750955446055588,0.0,0.0,0.0,0.0,0.0
1914.350038287,599,1913,850038277,map,6.1153497316662015,9.751953945989072,0.0,0.0,0.0,0.0,0.0
1917.350038347,600,1916,950038339,map,6.115166489368195,9.751438412835938,0.0,0.0,0.0,0.0,0.0
1920.350038407,601,1920,50038401,map,10.756315890081861,8.487922524141371,0.0,0.0,0.0,0.0,0.0
1923.350038467,602,1923,150038463,map,11.59973457736779,8.579074150281283,0.0,0.0,0.0,0.0,0.0
1926.350038527,603,1926,200038524,map,12.461969802126792,8.588337342575562,0.0,0.0,0.0,0.0,0.0
1929.350038587,604,1929,250038585,map,12.527990760210859,8.593892494348694,0.0,0.0,0.0,0.0,0.0
1932.850038657,605,1932,400038648,map,12.52684189757802,8.593441433485001,0.0,0.0,0.0,0.0,0.0
1935.350038707,606,1935,350038707,map,12.52416001565075,8.590762457759087,0.0,0.0,0.0,0.0,0.0
1938.850038777,607,1938,450038769,map,12.522204142678177,8.589021304008273,0.0,0.0,0.0,0.0,0.0
1941.850038837,608,1941,550038831,map,12.52419766927435,8.593186243779588,0.0,0.0,0.0,0.0,0.0
1944.850038897,609,1944,650038893,map,12.526667054207724,8.593729820114126,0.0,0.0,0.0,0.0,0.0
1947.900038958,610,1947,750038955,map,15.856993811162994,8.655794534708086,0.0,0.0,0.0,0.0,0.0
1950.900039018,611,1950,800039016,map,16.35635296726678,7.605507816338347,0.0,0.0,0.0,0.0,0.0
1954.350039087,612,1953,950039079,map,16.356109836139193,7.606403413374687,0.0,0.0,0.0,0.0,0.0
1957.350039147,613,1956,950039139,map,16.353278065020092,7.609266252947112,0.0,0.0,0.0,0.0,0.0
1960.350039207,614,1960,39200,map,16.353794955650585,7.611808150623656,0.0,0.0,0.0,0.0,0.0
1963.400039268,615,1963,50039261,map,16.357116086936976,7.607639811536057,0.0,0.0,0.0,0.0,0.0
1966.350039327,616,1966,150039323,map,16.358590217876745,7.607676100954556,0.0,0.0,0.0,0.0,0.0
1969.350039387,617,1969,250039385,map,20.535505945231115,4.795867005740684,0.0,0.0,0.0,0.0,0.0
1972.850039457,618,1972,350039447,map,20.689204117538047,4.665812267380585,0.0,0.0,0.0,0.0,0.0
1975.850039517,619,1975,450039509,map,20.202477620256232,5.5241435331767565,0.0,0.0,0.0,0.0,0.0
1978.850039577,620,1978,450039569,map,19.846689713942254,6.1436671393234175,0.0,0.0,0.0,0.0,0.0
1981.850039637,621,1981,550039631,map,19.996109151351327,6.0764121499938515,0.0,0.0,0.0,0.0,0.0
1984.850039697,622,1984,600039692,map,20.403240477372492,5.398727323832034,0.0,0.0,0.0,0.0,0.0
1987.850039757,623,1987,650039753,map,20.7395389813054,4.593731247255519,0.0,0.0,0.0,0.0,0.0
1990.850039817,624,1990,750039815,map,20.74159056162587,4.589291718055021,0.0,0.0,0.0,0.0,0.0
1993.850039877,625,1993,800039876,map,20.740617110836205,4.591660868601654,0.0,0.0,0.0,0.0,0.0
1996.850039937,626,1996,850039937,map,20.74197800230486,4.588718773241622,0.0,0.0,0.0,0.0,0.0
2000.350040007,627,1999,950039999,map,22.7561712129328,1.4654894314398699,0.0,0.0,0.0,0.0,0.0
2003.350040067,628,2003,50040061,map,22.9974237617321,1.0069185957672122,0.0,0.0,0.0,0.0,0.0
2006.350040127,629,2006,150040123,map,22.999646829546986,1.0021677155299265,0.0,0.0,0.0,0.0,0.0
2009.350040187,630,2009,250040185,map,22.999895349653904,1.0027536510499724,0.0,0.0,0.0,0.0,0.0
2012.350040247,631,2012,350040247,map,23.000092729256977,1.0009546841364976,0.0,0.0,0.0,0.0,0.0
2015.900040318,632,2015,450040309,map,1.1675408088935813,10.247521946232863,0.0,0.0,0.0,0.0,0.0
2019.350040387,633,2018,950040379,map,2.324962721646923,10.752761176373589,0.0,0.0,0.0,0.0,0.0
2022.350040447,634,2022,40440,map,3.246946314855249,10.553757866303092,0.0,0.0,0.0,0.0,0.0
2025.350040507,635,2025,50040501,map,2.791837786580332,9.991249816548516,0.0,0.0,0.0,0.0,0.0
2028.350040567,636,2028,200040564,map,2.908525914187346,9.772900082103098,0.0,0.0,0.0,0.0,0.0
2031.400040628,637,2031,250040625,map,4.43346776905018,10.322106056721486,0.0,0.0,0.0,0.0,0.0
2034.350040687,638,2034,300040686,map,3.7994911693237032,10.257107368758659,0.0,0.0,0.0,0.0,0.0
2037.400040748,639,2037,350040747,map,3.1554328098838287,10.038569443886885,0.0,0.0,0.0,0.0,0.0
2040.850040817,640,2040,400040808,map,3.3722655229288296,9.70409004826179,0.0,0.0,0.0,0.0,0.0
2043.850040877,641,2043,500040870,map,4.2777600558081295,9.715134251335705,0.0,0.0,0.0,0.0,0.0
2046.900040938,642,2046,600040932,map,5.210608435023843,9.749247498935038,0.0,0.0,0.0,0.0,0.0
2049.850040997,643,2049,700040994,map,6.041950221111609,9.759228272406808,0.0,0.0,0.0,0.0,0.0
2052.900041058,644,2052,800041056,map,6.595046550535756,9.696456348609914,0.0,0.0,0.0,0.0,0.0
2056.400041128,645,2055,900041118,map,6.599407298633968,9.693530578868813,0.0,0.0,0.0,0.0,0.0
2059.900041198,646,2059,750041195,map,6.678933837144979,9.47352196164878,0.0,0.0,0.0,0.0,0.0
2062.900041258,647,2062,750041255,map,6.915553809194723,9.253557730737818,0.0,0.0,0.0,0.0,0.0
2066.350041327,648,2065,850041317,map,7.596317270041405,9.213282903223522,0.0,0.0,0.0,0.0,0.0
2069.350041387,649,2068,950041379,map,8.062970121955267,9.24357057618073,0.0,0.0,0.0,0.0,0.0
2072.350041447,650,2072,41440,map,8.06209572609411,9.243630564524882,0.0,0.0,0.0,0.0,0.0
2075.350041507,651,2075,150041503,map,8.05941151864926,9.244090270479358,0.0,0.0,0.0,0.0,0.0
2078.350041567,652,2078,150041563,map,8.065324339879643,9.24410696011904,0.0,0.0,0.0,0.0,0.0
2081.350041627,653,2081,250041625,map,12.08047897671952,8.677862379924779,0.0,0.0,0.0,0.0,0.0
2084.350041687,654,2084,350041687,map,12.28900664295773,8.633705623885803,0.0,0.0,0.0,0.0,0.0
2087.850041757,655,2087,350041747,map,12.287981543359674,8.633850194958395,0.0,0.0,0.0,0.0,0.0
2090.850041817,656,2090,450041809,map,12.280057140465566,8.632508297927012,0.0,0.0,0.0,0.0,0.0
2093.850041877,657,2093,550041871,map,12.289202957717691,8.633547338215255,0.0,0.0,0.0,0.0,0.0
2096.850041937,658,2096,650041933,map,15.529676813392522,7.925226105846347,0.0,0.0,0.0,0.0,0.0
2099.850041997,659,2099,750041995,map,15.5302425548517,7.925212095595393,0.0,0.0,0.0,0.0,0.0
2103.350042067,660,2102,850042057,map,16.399099599835324,9.083635357353813,0.0,0.0,0.0,0.0,0.0
2106.350042127,661,2105,850042117,map,15.602988524721354,7.861246241526052,0.0,0.0,0.0,0.0,0.0
2109.350042187,662,2108,950042179,map,15.578389141987767,7.835620044441452,0.0,0.0,0.0,0.0,0.0
2112.350042247,663,2112,50042241,map,15.512651299669315,7.8296850075905695,0.0,0.0,0.0,0.0,0.0
2115.350042307,664,2115,100042302,map,19.49816872788742,5.128445308935831,0.0,0.0,0.0,0.0,0.0
2118.350042367,665,2118,200042364,map,19.29069069240849,5.569432537981303,0.0,0.0,0.0,0.0,0.0
2121.850042437,666,2121,350042427,map,20.17621806372042,5.278078725674345,0.0,0.0,0.0,0.0,0.0
2124.850042497,667,2124,450042489,map,19.635025724744587,5.906087836876442,0.0,0.0,0.0,0.0,0.0
2127.850042557,668,2127,500042550,map,19.352088212202737,5.527470497926394,0.0,0.0,0.0,0.0,0.0
2130.850042617,669,2130,550042611,map,19.848028766636546,4.821288190888557,0.0,0.0,0.0,0.0,0.0
2133.850042677,670,2133,700042674,map,20.487906887377946,4.275698984613869,0.0,0.0,0.0,0.0,0.0
2136.850042737,671,2136,750042735,map,21.645043288765475,2.862345367459453,0.0,0.0,0.0,0.0,0.0
2139.850042797,672,2139,800042796,map,21.68126315780151,2.893601233614097,0.0,0.0,0.0,0.0,0.0
2142.850042857,673,2142,800042856,map,22.220615359685365,2.2427554388373223,0.0,0.0,0.0,0.0,0.0
2146.350042927,674,2145,900042918,map,22.710981880097016,1.5127854004222308,0.0,0.0,0.0,0.0,0.0
2149.350042987,675,2148,950042979,map,22.99817375571031,1.0044606820961575,0.0,0.0,0.0,0.0,0.0
2152.350043047,676,2152,50043041,map,22.999778206457137,1.0015054237713392,0.0,0.0,0.0,0.0,0.0
2155.350043107,677,2155,50043101,map,22.999435370002658,1.0039093506164416,0.0,0.0,0.0,0.0,0.0
2158.350043167,678,2158,150043163,map,23.00008940507897,1.0002473815779112,0.0,0.0,0.0,0.0,0.0
2161.350043227,679,2161,250043225,map,23.00005599099648,1.0007865376874798,0.0,0.0,0.0,0.0,0.0
2164.350043287,680,2164,300043286,map,1.6863619923802076,10.23922517421348,0.0,0.0,0.0,0.0,0.0
2166.300043326,681,2165,900043318,map,2.4118685809766536,10.931420399587257,0.0,0.0,0.0,0.0,0.0
2169.350043387,682,2168,950043379,map,3.2902172487480277,10.748213732638067,0.0,0.0,0.0,0.0,0.0
2172.350043447,683,2172,50043441,map,4.128236632167928,10.431301009965516,0.0,0.0,0.0,0.0,0.0
2175.350043507,684,2175,100043502,map,4.558088817606602,10.391917906911091,0.0,0.0,0.0,0.0,0.0
2178.350043567,685,2178,200043564,map,4.517567816790677,10.548854499704387,0.0,0.0,0.0,0.0,0.0
2181.850043637,686,2181,350043627,map,3.8185374813492805,10.25098036614559,0.0,0.0,0.0,0.0,0.0
2184.850043697,687,2184,450043689,map,3.320220663293779,9.809769669058092,0.0,0.0,0.0,0.0,0.0
2187.850043757,688,2187,500043750,map,3.7294922097488508,9.315853309309013,0.0,0.0,0.0,0.0,0.0
2190.850043817,689,2190,550043811,map,4.648986430180961,9.32220196428503,0.0,0.0,0.0,0.0,0.0
2193.850043877,690,2193,650043873,map,5.490374303851603,9.102953419000713,0.0,0.0,0.0,0.0,0.0
2196.850043937,691,2196,750043935,map,6.103679801303134,9.363903511767177,0.0,0.0,0.0,0.0,0.0
2200.350044007,692,2199,850043997,map,6.78394752350969,9.66334417418902,0.0,0.0,0.0,0.0,0.0
2203.350044067,693,2202,950044059,map,7.487052609229236,9.83575504557741,0.0,0.0,0.0,0.0,0.0
2206.350044127,694,2206,50044121,map,7.14780512065407,9.853270332754812,0.0,0.0,0.0,0.0,0.0
2209.350044187,695,2209,150044183,map,6.481627777776197,9.485662155806894,0.0,0.0,0.0,0.0,0.0
2212.350044247,696,2212,250044245,map,6.367788739268205,9.014538908937537,0.0,0.0,0.0,0.0,0.0
2215.350044307,697,2215,300044306,map,7.235741067456901,8.905359431275603,0.0,0.0,0.0,0.0,0.0
2218.850044377,698,2218,400044368,map,8.157289402802805,8.947339252285277,0.0,0.0,0.0,0.0,0.0
2221.850044437,699,2221,550044431,map,9.106588177779246,8.97367845883436,0.0,0.0,0.0,0.0,0.0
2224.850044497,700,2224,650044493,map,10.023519107143922,8.976303230131595,0.0,0.0,0.0,0.0,0.0
2227.850044557,701,2227,750044555,map,10.911080433936363,8.950080761680418,0.0,0.0,0.0,0.0,0.0
2230.850044617,702,2230,850044617,map,11.783649743814212,8.874914420091311,0.0,0.0,0.0,0.0,0.0
2234.350044687,703,2233,900044678,map,12.416398265867766,8.774210782630895,0.0,0.0,0.0,0.0,0.0
2237.350044747,704,2237,44740,map,12.419931159076599,8.773639290781993,0.0,0.0,0.0,0.0,0.0
2240.350044807,705,2240,100044802,map,12.41517542180473,8.773595424368956,0.0,0.0,0.0,0.0,0.0
2243.350044867,706,2243,200044864,map,12.418644860450321,8.773216861232273,0.0,0.0,0.0,0.0,0.0
2246.350044927,707,2246,350044927,map,12.419759385879862,8.77328363034756,0.0,0.0,0.0,0.0,0.0
2249.850044997,708,2249,450044989,map,15.802362577405628,7.787140176846553,0.0,0.0,0.0,0.0,0.0
2252.850045057,709,2252,600045052,map,15.780566664232271,8.671942843938108,0.0,0.0,0.0,0.0,0.0
2255.850045117,710,2255,750045115,map,15.810371471792996,7.786817209969986,0.0,0.0,0.0,0.0,0.0
2259.350045187,711,2258,850045177,map,15.819427357844411,7.796146226621832,0.0,0.0,0.0,0.0,0.0
2262.350045247,712,2261,950045239,map,16.06150687168995,8.014384807565797,0.0,0.0,0.0,0.0,0.0
2265.350045307,713,2265,50045301,map,15.81359342647593,7.785396237881104,0.0,0.0,0.0,0.0,0.0
2268.350045367,714,2268,150045363,map,19.644432168877742,5.055586537527068,0.0,0.0,0.0,0.0,0.0
2271.350045427,715,2271,250045425,map,20.255643621201045,4.673797130122102,0.0,0.0,0.0,0.0,0.0
2274.850045497,716,2274,350045487,map,20.402238889520653,5.23395335173354,0.0,0.0,0.0,0.0,0.0
2277.850045557,717,2277,400045548,map,20.063961957904304,6.013749969585101,0.0,0.0,0.0,0.0,0.0
2280.850045617,718,2280,500045610,map,19.48949392290666,6.329095224042728,0.0,0.0,0.0,0.0,0.0
2283.850045677,719,2283,550045671,map,19.55284835183192,5.6046879385173565,0.0,0.0,0.0,0.0,0.0
2286.850045737,720,2286,650045733,map,20.05969871024803,4.867839600542829,0.0,0.0,0.0,0.0,0.0
2289.850045797,721,2289,800045796,map,20.640440990023418,4.103490722761159,0.0,0.0,0.0,0.0,0.0
2293.350045867,722,2292,850045857,map,21.647525204325692,2.90072170627084,0.0,0.0,0.0,0.0,0.0
2296.350045927,723,2295,950045919,map,21.490545944439987,3.986247165850182,0.0,0.0,0.0,0.0,0.0
2299.350045987,724,2299,45980,map,22.349821712817445,2.101178945960808,0.0,0.0,0.0,0.0,0.0
2302.350046047,725,2302,100046042,map,22.823619905391748,1.3294063836435352,0.0,0.0,0.0,0.0,0.0
2305.350046107,726,2305,150046103,map,22.998057901135308,1.0060300266570228,0.0,0.0,0.0,0.0,0.0
2308.350046167,727,2308,250046165,map,22.99975464391178,1.002484787800251,0.0,0.0,0.0,0.0,0.0
2311.350046227,728,2311,300046226,map,22.999504402057738,1.0048784058495275,0.0,0.0,0.0,0.0,0.0
2314.350046287,729,2314,350046287,map,22.999960471415548,1.0019975505639984,0.0,0.0,0.0,0.0,0.0
2317.850046357,730,2317,450046349,map,1.2317519207273864,10.241583487969315,0.0,0.0,0.0,0.0,0.0
2320.850046417,731,2320,550046411,map,2.0958114048410934,10.047752339779471,0.0,0.0,0.0,0.0,0.0
2322.350046447,732,2322,150046443,map,2.7983983332083793,10.65830054594401,0.0,0.0,0.0,0.0,0.0
2325.350046507,733,2325,150046503,map,3.6380481417922717,10.454485461774329,0.0,0.0,0.0,0.0,0.0
2328.350046567,734,2328,250046565,map,4.500559128480713,10.169676905204717,0.0,0.0,0.0,0.0,0.0
2331.350046627,735,2331,350046627,map,4.380540354385697,10.362615177330191,0.0,0.0,0.0,0.0,0.0
2334.850046697,736,2334,450046689,map,4.217401030340565,10.362175839503712,0.0,0.0,0.0,0.0,0.0
2337.850046757,737,2337,450046749,map,3.794426144350566,10.137813400471417,0.0,0.0,0.0,0.0,0.0
2340.850046817,738,2340,500046810,map,3.136509657981178,9.942350104717415,0.0,0.0,0.0,0.0,0.0
2343.850046877,739,2343,550046871,map,3.5629680588395822,9.618841538806386,0.0,0.0,0.0,0.0,0.0
2346.850046937,740,2346,700046934,map,4.5196036520422656,9.67993172284204,0.0,0.0,0.0,0.0,0.0
2349.850046997,741,2349,750046995,map,5.3609106913445075,9.747417014891404,0.0,0.0,0.0,0.0,0.0
2353.350047067,742,2352,850047057,map,6.233766076780335,9.728918243601111,0.0,0.0,0.0,0.0,0.0
2356.350047127,743,2355,900047118,map,7.063361651549743,9.6011995967484,0.0,0.0,0.0,0.0,0.0
2359.350047187,744,2358,950047179,map,7.132762122090169,9.586180299689442,0.0,0.0,0.0,0.0,0.0
2362.350047247,745,2362,47240,map,7.0893026160323895,9.588756840528932,0.0,0.0,0.0,0.0,0.0
2365.350047307,746,2365,100047302,map,6.936102033536207,9.56896081766684,0.0,0.0,0.0,0.0,0.0
2368.350047367,747,2368,150047363,map,7.134736990576912,9.585791793060807,0.0,0.0,0.0,0.0,0.0
2371.350047427,748,2371,250047425,map,7.129797410686324,9.585279119602637,0.0,0.0,0.0,0.0,0.0
2374.850047497,749,2374,350047487,map,7.121378696384061,9.58335667719588,0.0,0.0,0.0,0.0,0.0
2377.850047557,750,2377,450047549,map,7.1350266852452915,9.585800645827433,0.0,0.0,0.0,0.0,0.0
2380.850047617,751,2380,550047611,map,11.438574879733906,8.752345918402732,0.0,0.0,0.0,0.0,0.0
2383.850047677,752,2383,600047672,map,12.293588005945665,8.668611835132323,0.0,0.0,0.0,0.0,0.0
2386.850047737,753,2386,700047734,map,12.691745218216546,8.599295974127664,0.0,0.0,0.0,0.0,0.0
2389.850047797,754,2389,800047796,map,12.690576008901385,8.599480058439847,0.0,0.0,0.0,0.0,0.0
2393.350047867,755,2392,900047858,map,12.693418058315732,8.59885966732172,0.0,0.0,0.0,0.0,0.0
2396.350047927,756,2395,950047919,map,12.685097524334617,8.596159414793838,0.0,0.0,0.0,0.0,0.0
2399.350047987,757,2399,50047981,map,12.694634158908231,8.59890461465546,0.0,0.0,0.0,0.0,0.0
2402.350048047,758,2402,150048043,map,12.804189271669454,8.658884838117705,0.0,0.0,0.0,0.0,0.0
2405.350048107,759,2405,200048104,map,15.611541958669633,7.869596307810179,0.0,0.0,0.0,0.0,0.0
2408.350048167,760,2408,250048165,map,15.628835464621005,7.884254984674998,0.0,0.0,0.0,0.0,0.0
2411.350048227,761,2411,350048227,map,15.619615764982719,7.869724610402224,0.0,0.0,0.0,0.0,0.0
2414.850048297,762,2414,450048289,map,15.599623915168458,7.667307047047885,0.0,0.0,0.0,0.0,0.0
2417.850048357,763,2417,550048351,map,19.548355428293647,5.454214306303218,0.0,0.0,0.0,0.0,0.0
2420.850048417,764,2420,650048413,map,20.14642195894138,4.774712724183499,0.0,0.0,0.0,0.0,0.0
2423.900048478,765,2423,700048474,map,20.14851328061584,4.772422947367277,0.0,0.0,0.0,0.0,0.0
2426.850048537,766,2426,750048535,map,20.11938056818691,4.8465680664501,0.0,0.0,0.0,0.0,0.0
2430.350048607,767,2429,850048597,map,19.897726323296475,5.5700489482536675,0.0,0.0,0.0,0.0,0.0
2433.350048667,768,2432,950048659,map,20.020171204398594,5.628243363540121,0.0,0.0,0.0,0.0,0.0
2436.350048727,769,2436,50048721,map,20.142480053364984,4.817238466300884,0.0,0.0,0.0,0.0,0.0
2439.350048787,770,2439,100048782,map,20.148270188696458,4.7739996690330635,0.0,0.0,0.0,0.0,0.0
2442.350048847,771,2442,200048844,map,20.146796494649692,4.775965914221111,0.0,0.0,0.0,0.0,0.0
2445.350048907,772,2445,350048907,map,20.14606586319145,4.779130917772443,0.0,0.0,0.0,0.0,0.0
2448.850048977,773,2448,450048969,map,20.14877709116079,4.773335425510124,0.0,0.0,0.0,0.0,0.0
2451.850049037,774,2451,550049031,map,22.68833967178733,1.5910775261224868,0.0,0.0,0.0,0.0,0.0
2454.900049098,775,2454,650049093,map,22.99903791881077,1.0028832450675589,0.0,0.0,0.0,0.0,0.0
2457.850049157,776,2457,750049155,map,22.99945786385004,1.0024110503303423,0.0,0.0,0.0,0.0,0.0
2461.400049228,777,2460,850049217,map,22.998605240068724,1.006613076963811,0.0,0.0,0.0,0.0,0.0
2464.400049288,778,2463,950049279,map,23.000077638580073,1.000930045996221,0.0,0.0,0.0,0.0,0.0
2467.350049347,779,2466,950049339,map,22.99996399057893,1.0041011593655154,0.0,0.0,0.0,0.0,0.0
2471.350049427,780,2470,900049418,map,2.3213953838483072,10.93457733873392,0.0,0.0,0.0,0.0,0.0
2474.350049487,781,2474,49480,map,3.2581715824088917,10.733129606252934,0.0,0.0,0.0,0.0,0.0
2477.350049547,782,2477,100049542,map,4.120376114346549,10.42615962335989,0.0,0.0,0.0,0.0,0.0
2480.400049608,783,2480,200049604,map,4.584818896634791,10.34571265103325,0.0,0.0,0.0,0.0,0.0
2483.350049667,784,2483,350049667,map,4.533161176400794,10.551542436066908,0.0,0.0,0.0,0.0,0.0
2486.850049737,785,2486,450049729,map,3.807903565362758,10.335741199595308,0.0,0.0,0.0,0.0,0.0
2489.850049797,786,2489,550049791,map,3.2001930415418194,9.908991794963809,0.0,0.0,0.0,0.0,0.0
2492.850049857,787,2492,650049853,map,3.4772068806659995,9.375478488167897,0.0,0.0,0.0,0.0,0.0
2495.850049917,788,2495,750049915,map,3.1755534228234423,9.49256951982808,0.0,0.0,0.0,0.0,0.0
2499.350049987,789,2498,950049979,map,4.632271182104761,9.263414554546927,0.0,0.0,0.0,0.0,0.0
2502.350050047,790,2502,50050041,map,6.10636890807025,9.635260052479445,0.0,0.0,0.0,0.0,0.0
2505.350050107,791,2505,150050103,map,6.957133665324057,9.74834100935221,0.0,0.0,0.0,0.0,0.0
2508.350050167,792,2508,350050167,map,7.882514169461278,9.639049371047943,0.0,0.0,0.0,0.0,0.0
2511.850050237,793,2511,450050229,map,7.072566327641708,9.71603857557548,0.0,0.0,0.0,0.0,0.0
2514.850050297,794,2514,550050291,map,6.688689137771387,9.25175490227204,0.0,0.0,0.0,0.0,0.0
2517.850050357,795,2517,650050353,map,6.955791153846592,8.8067338359555,0.0,0.0,0.0,0.0,0.0
2520.850050417,796,2520,700050414,map,7.883509885383507,8.855357321885707,0.0,0.0,0.0,0.0,0.0
2523.850050477,797,2523,800050476,map,8.787501071670059,8.923748327574753,0.0,0.0,0.0,0.0,0.0
2527.350050547,798,2526,950050539,map,9.705514892292461,8.94666878039791,0.0,0.0,0.0,0.0,0.0
2530.350050607,799,2530,50050601,map,10.604634147037851,8.930128242040318,0.0,0.0,0.0,0.0,0.0
2533.350050667,800,2533,150050663,map,11.497101912822579,8.868422940653536,0.0,0.0,0.0,0.0,0.0
2536.350050727,801,2536,300050726,map,12.37012917393589,8.732248791160453,0.0,0.0,0.0,0.0,0.0
2539.850050797,802,2539,400050788,map,11.601588911301993,8.922028773724175,0.0,0.0,0.0,0.0,0.0
2542.850050857,803,2542,450050849,map,12.547063533460078,8.691347970811558,0.0,0.0,0.0,0.0,0.0
2545.850050917,804,2545,600050912,map,12.54516490938452,8.69112230514985,0.0,0.0,0.0,0.0,0.0
2548.900050978,805,2548,700050974,map,12.545437513643847,8.6906813642127,0.0,0.0,0.0,0.0,0.0
2551.850051037,806,2551,850051037,map,12.546037912848359,8.69094542632621,0.0,0.0,0.0,0.0,0.0
2555.350051107,807,2555,51100,map,15.863610791501022,7.771422453866385,0.0,0.0,0.0,0.0,0.0
2558.400051168,808,2558,50051161,map,15.899322405881549,8.364674855962036,0.0,0.0,0.0,0.0,0.0
2561.350051227,809,2561,250051225,map,15.87220625465056,7.773339220481155,0.0,0.0,0.0,0.0,0.0
2564.400051288,810,2564,350051287,map,15.873840322383426,7.777610190507636,0.0,0.0,0.0,0.0,0.0
2567.850051357,811,2567,450051349,map,15.87338792838078,7.770243456438125,0.0,0.0,0.0,0.0,0.0
2570.850051417,812,2570,550051411,map,15.821620317220415,7.576622880205944,0.0,0.0,0.0,0.0,0.0
2573.850051477,813,2573,700051474,map,20.07523530922021,5.229168373257314,0.0,0.0,0.0,0.0,0.0
2577.350051547,814,2576,850051537,map,20.72592214964152,4.6986719753598605,0.0,0.0,0.0,0.0,0.0
2580.350051607,815,2579,900051598,map,20.76585930712575,4.977217804853373,0.0,0.0,0.0,0.0,0.0
2583.350051667,816,2583,51660,map,20.514970424224323,5.755212375569023,0.0,0.0,0.0,0.0,0.0
2586.350051727,817,2586,150051723,map,20.097335086845284,6.390268281398603,0.0,0.0,0.0,0.0,0.0
2589.350051787,818,2589,250051785,map,19.69565047545751,6.338696729515088,0.0,0.0,0.0,0.0,0.0
2592.850051857,819,2592,400051848,map,19.97395758057698,5.6387468451767395,0.0,0.0,0.0,0.0,0.0
2595.850051917,820,2595,550051911,map,20.49668909536733,4.911830860807405,0.0,0.0,0.0,0.0,0.0
2598.850051977,821,2598,700051974,map,21.102529544048572,4.224656708758899,0.0,0.0,0.0,0.0,0.0
2601.850052037,822,2601,750052035,map,21.540592930560052,3.7543391738696767,0.0,0.0,0.0,0.0,0.0
2605.350052107,823,2604,900052098,map,21.542396986747875,3.752089402189432,0.0,0.0,0.0,0.0,0.0
2608.350052167,824,2608,52160,map,21.541194500185576,3.754880122466125,0.0,0.0,0.0,0.0,0.0
2611.350052227,825,2611,100052222,map,21.54260826905685,3.752279440009544,0.0,0.0,0.0,0.0,0.0
2614.350052287,826,2614,250052285,map,23.000016974947883,1.0007373498200336,0.0,0.0,0.0,0.0,0.0
2617.850052357,827,2617,350052347,map,22.99997615422674,1.0014359696396116,0.0,0.0,0.0,0.0,0.0
2620.850052417,828,2620,450052409,map,22.998321763607986,1.0099768687854023,0.0,0.0,0.0,0.0,0.0
2623.850052477,829,2623,550052471,map,23.000020387810324,1.0009371983258069,0.0,0.0,0.0,0.0,0.0
2626.850052537,830,2626,700052534,map,1.3529838025996264,10.251316416732298,0.0,0.0,0.0,0.0,0.0
2630.850052617,831,2630,750052615,map,2.770066187968645,10.703107056946326,0.0,0.0,0.0,0.0,0.0
2634.350052687,832,2633,950052679,map,3.662461485600286,10.46143724955826,0.0,0.0,0.0,0.0,0.0
2637.350052747,833,2637,50052741,map,3.490500854811373,9.722019534013581,0.0,0.0,0.0,0.0,0.0
2640.350052807,834,2640,200052804,map,4.345063232503656,10.382543104924732,0.0,0.0,0.0,0.0,0.0
2643.350052867,835,2643,300052866,map,3.9692201923655905,10.601749872847655,0.0,0.0,0.0,0.0,0.0
2646.850052937,836,2646,500052930,map,-0.3764106449446502,10.248806557235442,0.0,0.0,0.0,0.0,0.0
2649.850052997,837,2649,550052991,map,2.547479915822244,10.791629093159997,0.0,0.0,0.0,0.0,0.0
2652.850053057,838,2652,550053051,map,2.613902752810719,10.388489529175958,0.0,0.0,0.0,0.0,0.0
2655.850053117,839,2655,700053114,map,3.4897885743002637,10.219067640307312,0.0,0.0,0.0,0.0,0.0
2658.850053177,840,2658,750053175,map,4.389612877982961,10.12662938929684,0.0,0.0,0.0,0.0,0.0
2662.350053247,841,2661,850053237,map,5.322243401592761,10.040796545711977,0.0,0.0,0.0,0.0,0.0
2665.350053307,842,2665,53300,map,6.249571156456473,9.82804122060712,0.0,0.0,0.0,0.0,0.0
2668.350053367,843,2668,100053362,map,6.970150982662311,9.664705065734367,0.0,0.0,0.0,0.0,0.0
2671.350053427,844,2671,250053425,map,4.766960250667796,10.637696482234748,0.0,0.0,0.0,0.0,0.0
2674.850053497,845,2674,350053487,map,5.988305522108268,9.799950624795294,0.0,0.0,0.0,0.0,0.0
2677.850053557,846,2677,500053550,map,5.55174592895884,9.662600053562244,0.0,0.0,0.0,0.0,0.0
2680.850053617,847,2680,600053612,map,6.222498600577691,9.592855557545573,0.0,0.0,0.0,0.0,0.0
2683.850053677,848,2683,700053674,map,6.955114839168771,9.663160281843183,0.0,0.0,0.0,0.0,0.0
2687.350053747,849,2686,850053737,map,6.969052094541576,9.664425826687015,0.0,0.0,0.0,0.0,0.0
2690.350053807,850,2689,950053799,map,6.967231897889464,9.664268165698491,0.0,0.0,0.0,0.0,0.0
2693.350053867,851,2693,50053861,map,6.97095447644976,9.664575827182365,0.0,0.0,0.0,0.0,0.0
2696.350053927,852,2696,150053923,map,10.80558969485693,8.91127157613811,0.0,0.0,0.0,0.0,0.0
2699.350053987,853,2699,250053985,map,11.715962893163015,8.815782871555037,0.0,0.0,0.0,0.0,0.0
2702.850054057,854,2702,350054047,map,12.507102638999003,8.670795456429001,0.0,0.0,0.0,0.0,0.0
2705.850054117,855,2705,500054110,map,12.507976974932223,8.670713704299231,0.0,0.0,0.0,0.0,0.0
2708.850054177,856,2708,600054172,map,12.502523673195018,8.670558002839703,0.0,0.0,0.0,0.0,0.0
2711.850054237,857,2711,750054235,map,12.502755468161734,8.668796871694031,0.0,0.0,0.0,0.0,0.0
2714.850054297,858,2714,850054297,map,12.508198664656607,8.67039451262669,0.0,0.0,0.0,0.0,0.0
2718.350054367,859,2718,54360,map,15.496613815612232,8.664516779574718,0.0,0.0,0.0,0.0,0.0
2721.350054427,860,2721,100054422,map,15.44972075344025,7.968448720214358,0.0,0.0,0.0,0.0,0.0
2724.350054487,861,2724,250054485,map,16.518480967296266,8.662841247359639,0.0,0.0,0.0,0.0,0.0
2727.400054548,862,2727,350054547,map,15.800321135354624,7.849780673830595,0.0,0.0,0.0,0.0,0.0
2730.850054617,863,2730,500054610,map,15.446548229907432,7.8708693095272775,0.0,0.0,0.0,0.0,0.0
2733.900054678,864,2733,650054673,map,18.578814302544036,6.272258323049879,0.0,0.0,0.0,0.0,0.0
2736.900054738,865,2736,800054736,map,20.004797641447404,4.692164740980385,0.0,0.0,0.0,0.0,0.0
2740.400054808,866,2739,950054799,map,20.482624941412027,4.865094894451034,0.0,0.0,0.0,0.0,0.0
2743.400054868,867,2743,150054863,map,20.274905672592876,5.643219984210109,0.0,0.0,0.0,0.0,0.0
2746.400054928,868,2746,250054925,map,19.803753418809855,6.375447446197979,0.0,0.0,0.0,0.0,0.0
2749.400054988,869,2749,350054987,map,19.480731776179816,6.008278040357157,0.0,0.0,0.0,0.0,0.0
2752.850055057,870,2752,450055049,map,19.869473954421508,5.182705299583743,0.0,0.0,0.0,0.0,0.0
2755.850055117,871,2755,550055111,map,20.400199433494812,4.457081917364233,0.0,0.0,0.0,0.0,0.0
2758.900055178,872,2758,650055173,map,20.954745873393843,3.753127866234382,0.0,0.0,0.0,0.0,0.0
2761.900055238,873,2761,750055235,map,21.165926713003714,4.2436860840072494,0.0,0.0,0.0,0.0,0.0
2765.400055308,874,2764,900055298,map,21.680077223136298,3.50558236889849,0.0,0.0,0.0,0.0,0.0
2768.400055368,875,2768,50055361,map,22.64358297913857,1.6461896639791065,0.0,0.0,0.0,0.0,0.0
2771.350055427,876,2771,250055425,map,22.997356730367663,1.0061873180142658,0.0,0.0,0.0,0.0,0.0
2774.850055497,877,2774,350055487,map,22.998931500661474,1.0037650849321733,0.0,0.0,0.0,0.0,0.0
2777.850055557,878,2777,450055549,map,23.000006031360726,1.001599085649028,0.0,0.0,0.0,0.0,0.0
2780.850055617,879,2780,550055611,map,23.000087114092707,1.0007305318068398,0.0,0.0,0.0,0.0,0.0
2783.850055677,880,2783,650055673,map,23.000090445659048,1.0006563905735018,0.0,0.0,0.0,0.0,0.0
2786.850055737,881,2786,750055735,map,1.7853902237196038,10.164817128915038,0.0,0.0,0.0,0.0,0.0
2788.850055777,882,2788,350055767,map,2.506122755957206,10.724457731369903,0.0,0.0,0.0,0.0,0.0
2791.850055837,883,2791,450055829,map,3.3826033612551205,10.538453123207619,0.0,0.0,0.0,0.0,0.0
2794.850055897,884,2794,550055891,map,2.9476385621338186,10.065727348000856,0.0,0.0,0.0,0.0,0.0
2797.850055957,885,2797,650055953,map,5.009524029393752,10.143161198331805,0.0,0.0,0.0,0.0,0.0
2800.850056017,886,2800,750056015,map,4.967677681803285,10.05995994904529,0.0,0.0,0.0,0.0,0.0
2803.850056077,887,2803,850056077,map,4.754427353494412,9.843400893809877,0.0,0.0,0.0,0.0,0.0
2807.350056147,888,2806,950056139,map,5.459742015531604,9.724152147478582,0.0,0.0,0.0,0.0,0.0
2810.350056207,889,2810,50056201,map,6.287743678691747,9.759666252835688,0.0,0.0,0.0,0.0,0.0
2813.350056267,890,2813,100056262,map,6.510603330482979,9.744647690344706,0.0,0.0,0.0,0.0,0.0
2818.850056377,891,2818,450056369,map,6.285451265595274,9.423724823167454,0.0,0.0,0.0,0.0,0.0
2821.850056437,892,2821,650056433,map,9.52111738833679,8.867414300118611,0.0,0.0,0.0,0.0,0.0
2824.850056497,893,2824,700056494,map,10.353874966383957,8.751830023724567,0.0,0.0,0.0,0.0,0.0
2827.850056557,894,2827,850056557,map,10.378646708650736,8.749569153209155,0.0,0.0,0.0,0.0,0.0
2831.350056627,895,2830,900056618,map,10.373219914018453,8.750817076039572,0.0,0.0,0.0,0.0,0.0
2834.350056687,896,2834,56680,map,10.3797478645264,8.749612661100732,0.0,0.0,0.0,0.0,0.0
2837.350056747,897,2837,100056742,map,10.378004004086478,8.749511461965843,0.0,0.0,0.0,0.0,0.0
2840.350056807,898,2840,250056805,map,14.319738710686838,7.970439909948938,0.0,0.0,0.0,0.0,0.0
2843.850056877,899,2843,450056869,map,15.194967693836908,7.9163739772264865,0.0,0.0,0.0,0.0,0.0
2846.850056937,900,2846,550056931,map,15.593129091647983,7.900904687172071,0.0,0.0,0.0,0.0,0.0
2849.850056997,901,2849,650056993,map,15.705734229342013,8.668635931560107,0.0,0.0,0.0,0.0,0.0
2852.850057057,902,2852,750057055,map,15.592702339497999,7.901719664532529,0.0,0.0,0.0,0.0,0.0
2856.350057127,903,2855,850057117,map,15.66741968877081,7.850289831102819,0.0,0.0,0.0,0.0,0.0
2859.350057187,904,2858,950057179,map,16.111457832210505,7.779567855436928,0.0,0.0,0.0,0.0,0.0
2862.350057247,905,2862,100057242,map,15.477053194859149,7.626143809879912,0.0,0.0,0.0,0.0,0.0
2865.350057307,906,2865,250057305,map,19.709092461964623,5.158697157972144,0.0,0.0,0.0,0.0,0.0
2868.850057377,907,2868,400057368,map,19.70747683840074,5.160839871522106,0.0,0.0,0.0,0.0,0.0
2871.850057437,908,2871,550057431,map,19.70593658837051,5.166627262346307,0.0,0.0,0.0,0.0,0.0
2874.850057497,909,2874,650057493,map,19.349890553829372,5.905311125658801,0.0,0.0,0.0,0.0,0.0
2877.850057557,910,2877,750057555,map,19.256698698743975,5.816649504863244,0.0,0.0,0.0,0.0,0.0
2881.300057626,911,2880,900057618,map,19.70883121763953,5.1592103287998,0.0,0.0,0.0,0.0,0.0
2884.350057687,912,2884,50057681,map,19.70749564673359,5.1609957084815585,0.0,0.0,0.0,0.0,0.0
2887.350057747,913,2887,200057744,map,19.706284931848806,5.163176007003516,0.0,0.0,0.0,0.0,0.0
2890.350057807,914,2890,250057805,map,19.709154160983807,5.159251188826198,0.0,0.0,0.0,0.0,0.0
2893.850057877,915,2893,350057867,map,22.174884079271788,2.2754031095154783,0.0,0.0,0.0,0.0,0.0
2896.850057937,916,2896,450057929,map,22.66618258165839,1.5862864155248526,0.0,0.0,0.0,0.0,0.0
2899.850057997,917,2899,550057991,map,22.999804656851218,1.001706825305876,0.0,0.0,0.0,0.0,0.0
2902.850058057,918,2902,650058053,map,22.99893162999562,1.0039492359378448,0.0,0.0,0.0,0.0,0.0
2905.850058117,919,2905,750058115,map,22.99824188175691,1.0080051722034888,0.0,0.0,0.0,0.0,0.0
2909.350058187,920,2908,850058177,map,22.999915899183826,1.0016023977091484,0.0,0.0,0.0,0.0,0.0
2912.350058247,921,2912,58240,map,22.999839537085645,1.0021626187359438,0.0,0.0,0.0,0.0,0.0
2916.350058327,922,2916,200058324,map,2.473027103081741,10.815487700363887,0.0,0.0,0.0,0.0,0.0
2919.350058387,923,2919,250058385,map,3.3278000864014055,10.677694817055151,0.0,0.0,0.0,0.0,0.0
2922.350058447,924,2922,300058446,map,2.7785865593946664,9.858627162806687,0.0,0.0,0.0,0.0,0.0
2925.850058517,925,2925,400058508,map,4.218291853616617,10.260272124390326,0.0,0.0,0.0,0.0,0.0
2928.850058577,926,2928,500058570,map,3.5680328660659972,9.864099694404874,0.0,0.0,0.0,0.0,0.0
2931.850058637,927,2931,650058633,map,3.590175100427675,9.2681975980585,0.0,0.0,0.0,0.0,0.0
2934.850058697,928,2934,750058695,map,4.442899404073968,9.117103412668468,0.0,0.0,0.0,0.0,0.0
2938.350058767,929,2937,850058757,map,5.368319248328465,9.062273654966145,0.0,0.0,0.0,0.0,0.0
2941.350058827,930,2941,58820,map,6.303526448544901,8.938034716431144,0.0,0.0,0.0,0.0,0.0
2944.350058887,931,2944,50058881,map,6.947041796016385,8.602542411787216,0.0,0.0,0.0,0.0,0.0
2947.450058949,932,2947,150058943,map,7.6889865471954195,8.56205322757927,0.0,0.0,0.0,0.0,0.0
2950.350059007,933,2950,150059003,map,8.136189485847165,8.879423313632033,0.0,0.0,0.0,0.0,0.0
2953.400059068,934,2953,250059065,map,8.595463081384555,8.94253898317097,0.0,0.0,0.0,0.0,0.0
2956.350059127,935,2956,300059126,map,9.477618632216293,8.811352943776729,0.0,0.0,0.0,0.0,0.0
2959.900059198,936,2959,400059188,map,10.40681885735518,8.77948773298862,0.0,0.0,0.0,0.0,0.0
2962.850059257,937,2962,500059250,map,11.273906342936375,8.76046447915542,0.0,0.0,0.0,0.0,0.0
2965.850059317,938,2965,650059313,map,12.21017573568212,8.720870110253028,0.0,0.0,0.0,0.0,0.0
2968.850059377,939,2968,750059375,map,12.639918082239477,8.668382667932747,0.0,0.0,0.0,0.0,0.0
2971.850059437,940,2971,750059435,map,12.641375974368623,8.667938960528256,0.0,0.0,0.0,0.0,0.0
2974.850059497,941,2974,850059497,map,12.638967357355792,8.667214368621657,0.0,0.0,0.0,0.0,0.0
2978.350059567,942,2977,950059559,map,12.643252210757973,8.667402643206932,0.0,0.0,0.0,0.0,0.0
2981.350059627,943,2981,50059621,map,15.88660193229828,7.760410654920393,0.0,0.0,0.0,0.0,0.0
2984.850059697,944,2984,700059694,map,16.98212194243944,7.32267664826189,0.0,0.0,0.0,0.0,0.0
2987.850059757,945,2987,800059756,map,17.537141620752234,7.184343095000587,0.0,0.0,0.0,0.0,0.0
2991.350059827,946,2990,900059818,map,18.027624919856756,6.917080147252704,0.0,0.0,0.0,0.0,0.0
2994.400059888,947,2994,50059881,map,18.028522628859736,6.916719171687106,0.0,0.0,0.0,0.0,0.0
2997.400059948,948,2997,200059944,map,18.02989467523902,6.915949013043033,0.0,0.0,0.0,0.0,0.0
3000.350060007,949,3000,250060005,map,18.02959652937693,6.916496708126688,0.0,0.0,0.0,0.0,0.0
3003.350060067,950,3003,350060067,map,18.03052031418318,6.91627052536249,0.0,0.0,0.0,0.0,0.0
3006.850060137,951,3006,500060130,map,18.030045174580184,6.921693758648361,0.0,0.0,0.0,0.0,0.0
3009.850060197,952,3009,600060192,map,18.030342552278068,6.9166518017324226,0.0,0.0,0.0,0.0,0.0
3012.850060257,953,3012,650060253,map,18.026907883720156,6.9225146174807275,0.0,0.0,0.0,0.0,0.0
3015.850060317,954,3015,750060315,map,18.030449197972963,6.915373730487195,0.0,0.0,0.0,0.0,0.0
3018.900060378,955,3018,850060377,map,20.65064662474586,4.134914098180948,0.0,0.0,0.0,0.0,0.0
3022.350060447,956,3021,950060439,map,20.398529971844287,4.4979063422179735,0.0,0.0,0.0,0.0,0.0
3025.350060507,957,3025,100060502,map,21.82747612295474,2.6869663254250646,0.0,0.0,0.0,0.0,0.0
3028.350060567,958,3028,150060563,map,22.364184456735238,2.072509878118338,0.0,0.0,0.0,0.0,0.0
3031.400060628,959,3031,250060625,map,22.82060806668351,1.3270235592186501,0.0,0.0,0.0,0.0,0.0
3034.350060687,960,3034,350060687,map,22.99795004346054,1.0062711071126413,0.0,0.0,0.0,0.0,0.0
3037.850060757,961,3037,500060750,map,22.999797982717965,1.00253369432287,0.0,0.0,0.0,0.0,0.0
3040.850060817,962,3040,600060812,map,22.99861002939011,1.008414951188066,0.0,0.0,0.0,0.0,0.0
3043.850060877,963,3043,750060875,map,22.99999942793429,1.0022059886491286,0.0,0.0,0.0,0.0,0.0
3046.850060937,964,3046,850060937,map,1.2463914021224265,10.240995042954038,0.0,0.0,0.0,0.0,0.0
3050.350061007,965,3049,950060999,map,2.3744809198743733,10.91115217836844,0.0,0.0,0.0,0.0,0.0
3053.350061067,966,3053,61060,map,3.249488617382717,10.71517402412912,0.0,0.0,0.0,0.0,0.0
3056.350061127,967,3056,100061122,map,4.1454077001760385,10.415463004379603,0.0,0.0,0.0,0.0,0.0
3060.350061207,968,3059,950061199,map,2.7730896568409893,9.857003027076317,0.0,0.0,0.0,0.0,0.0
3063.350061267,969,3063,50061261,map,3.958120528871068,10.159215728717893,0.0,0.0,0.0,0.0,0.0
3066.350061327,970,3066,150061323,map,3.781608879203934,10.172380016951744,0.0,0.0,0.0,0.0,0.0
3069.350061387,971,3069,200061384,map,3.9349780808186225,10.156756587471868,0.0,0.0,0.0,0.0,0.0
3072.400061448,972,3072,250061445,map,3.9582332008147407,10.159011029117856,0.0,0.0,0.0,0.0,0.0
3075.350061507,973,3075,350061507,map,3.956235892643554,10.158534707673173,0.0,0.0,0.0,0.0,0.0
3078.900061578,974,3078,450061569,map,3.9549994313012617,10.156717312565748,0.0,0.0,0.0,0.0,0.0
3082.400061648,975,3082,300061646,map,4.761725849810367,9.021982152359689,0.0,0.0,0.0,0.0,0.0
3085.400061708,976,3085,350061707,map,4.8903289805311,9.09459978622536,0.0,0.0,0.0,0.0,0.0
3088.850061777,977,3088,500061770,map,4.890305066371013,9.094814709450127,0.0,0.0,0.0,0.0,0.0
3091.850061837,978,3091,550061831,map,4.886377514347168,9.095196332117357,0.0,0.0,0.0,0.0,0.0
3094.850061897,979,3094,650061893,map,4.881821597621583,9.098113415615167,0.0,0.0,0.0,0.0,0.0
3097.850061957,980,3097,750061955,map,4.89136322754511,9.095029060993594,0.0,0.0,0.0,0.0,0.0
3100.850062017,981,3100,800062016,map,8.646825925947251,9.054977799700655,0.0,0.0,0.0,0.0,0.0
3103.850062077,982,3103,850062077,map,9.53375039173427,8.916404026406518,0.0,0.0,0.0,0.0,0.0
3107.350062147,983,3106,900062138,map,10.44671836307198,8.741564054506583,0.0,0.0,0.0,0.0,0.0
3110.350062207,984,3109,950062199,map,10.454910243823054,8.74024956819246,0.0,0.0,0.0,0.0,0.0
3113.350062267,985,3113,50062261,map,10.449950920941856,8.742284443016882,0.0,0.0,0.0,0.0,0.0
3116.350062327,986,3116,150062323,map,10.455908970184623,8.740490685257644,0.0,0.0,0.0,0.0,0.0
3119.350062387,987,3119,250062385,map,10.45622495056114,8.739810918917513,0.0,0.0,0.0,0.0,0.0
3122.850062457,988,3122,350062447,map,10.454502785901273,8.73734897766499,0.0,0.0,0.0,0.0,0.0
3125.850062517,989,3125,400062508,map,14.747377402553283,8.055684482842777,0.0,0.0,0.0,0.0,0.0
3128.850062577,990,3128,500062570,map,15.226698300212206,8.087957253264129,0.0,0.0,0.0,0.0,0.0
3131.850062637,991,3131,550062631,map,15.231421590730074,8.08790521941109,0.0,0.0,0.0,0.0,0.0
3134.850062697,992,3134,650062693,map,15.225863024125353,8.089651872579203,0.0,0.0,0.0,0.0,0.0
3137.850062757,993,3137,750062755,map,15.660660493321156,7.834861132596109,0.0,0.0,0.0,0.0,0.0
3140.850062817,994,3140,850062817,map,15.578008020324308,7.59656553203731,0.0,0.0,0.0,0.0,0.0
3144.350062887,995,3143,900062878,map,15.196652814357822,7.787951595213855,0.0,0.0,0.0,0.0,0.0
3147.350062947,996,3147,50062941,map,19.467453017802306,5.756157485283901,0.0,0.0,0.0,0.0,0.0
3150.350063007,997,3150,100063002,map,19.28557384291088,5.978629685090398,0.0,0.0,0.0,0.0,0.0
3153.350063067,998,3153,200063064,map,20.45400448073316,5.021769802189586,0.0,0.0,0.0,0.0,0.0
3156.350063127,999,3156,300063126,map,20.187669179173525,5.614656044926527,0.0,0.0,0.0,0.0,0.0
3159.350063187,1000,3159,300063186,map,19.654414032097826,6.292131907241904,0.0,0.0,0.0,0.0,0.0
3162.850063257,1001,3162,400063248,map,19.548022322556612,5.9881669001355045,0.0,0.0,0.0,0.0,0.0
3165.850063317,1002,3165,450063309,map,20.08985433165613,5.279655952732666,0.0,0.0,0.0,0.0,0.0
3168.850063377,1003,3168,550063371,map,20.715478599154807,4.592240456647119,0.0,0.0,0.0,0.0,0.0
3171.850063437,1004,3171,650063433,map,21.095425388872755,4.167189558028197,0.0,0.0,0.0,0.0,0.0
3174.850063497,1005,3174,700063494,map,21.094294860084865,4.168504334441446,0.0,0.0,0.0,0.0,0.0
3178.350063567,1006,3177,850063557,map,21.09294750406523,4.171025950055659,0.0,0.0,0.0,0.0,0.0
3181.350063627,1007,3180,950063619,map,21.095698809458046,4.167261319271808,0.0,0.0,0.0,0.0,0.0
3184.350063687,1008,3184,50063681,map,22.997397061969075,1.0059457783735977,0.0,0.0,0.0,0.0,0.0
3187.350063747,1009,3187,100063742,map,22.99941482183186,1.0022868149413435,0.0,0.0,0.0,0.0,0.0
3190.350063807,1010,3190,150063803,map,22.999013750264947,1.0048489702602579,0.0,0.0,0.0,0.0,0.0
3193.350063867,1011,3193,250063865,map,22.99985097531598,1.0008561275765522,0.0,0.0,0.0,0.0,0.0
3196.350063927,1012,3196,300063926,map,22.999885469026474,1.001086292717953,0.0,0.0,0.0,0.0,0.0
3200.850064017,1013,3200,550064011,map,2.298108122189737,10.9234760493033,0.0,0.0,0.0,0.0,0.0
3203.850064077,1014,3203,600064072,map,3.2031901225680457,10.722152856943975,0.0,0.0,0.0,0.0,0.0
3206.850064137,1015,3206,650064133,map,4.034605171285083,10.43047339715305,0.0,0.0,0.0,0.0,0.0
3209.850064197,1016,3209,750064195,map,4.5808454553646705,10.318491991492845,0.0,0.0,0.0,0.0,0.0
3212.850064257,1017,3212,800064256,map,4.303192460142718,10.690017891915915,0.0,0.0,0.0,0.0,0.0
3216.350064327,1018,3215,900064318,map,3.949131278203243,10.612723373430406,0.0,0.0,0.0,0.0,0.0
3219.350064387,1019,3218,950064379,map,4.096940856324249,9.948767753139848,0.0,0.0,0.0,0.0,0.0
3222.350064447,1020,3222,64440,map,3.5654579443883407,9.488055006995697,0.0,0.0,0.0,0.0,0.0
3225.350064507,1021,3225,100064502,map,4.2001228319333705,9.116262643992597,0.0,0.0,0.0,0.0,0.0
3228.350064567,1022,3228,200064564,map,4.9888902012177585,9.265364960208256,0.0,0.0,0.0,0.0,0.0
3231.350064627,1023,3231,250064625,map,5.873598550846392,9.483101211943746,0.0,0.0,0.0,0.0,0.0
3234.850064697,1024,3234,350064687,map,3.99438272072509,9.984114203184943,0.0,0.0,0.0,0.0,0.0
3237.850064757,1025,3237,450064749,map,7.560470767658094,9.710675450482427,0.0,0.0,0.0,0.0,0.0
3240.850064817,1026,3240,550064811,map,7.222604750980363,9.798376272676986,0.0,0.0,0.0,0.0,0.0
3243.850064877,1027,3243,650064873,map,6.78034769462435,9.346603763801717,0.0,0.0,0.0,0.0,0.0
3246.850064937,1028,3246,700064934,map,5.705127142313028,8.919626545237133,0.0,0.0,0.0,0.0,0.0
3249.850064997,1029,3249,800064996,map,7.7805349770205385,8.846103278186465,0.0,0.0,0.0,0.0,0.0
3253.350065067,1030,3252,850065057,map,8.687342347336472,8.891357191499825,0.0,0.0,0.0,0.0,0.0
3256.350065127,1031,3255,950065119,map,9.614256865856063,8.865071531618105,0.0,0.0,0.0,0.0,0.0
3259.350065187,1032,3259,50065181,map,10.569122242057315,8.824002370175332,0.0,0.0,0.0,0.0,0.0
3262.350065247,1033,3262,150065243,map,11.439068247856149,8.771394533829788,0.0,0.0,0.0,0.0,0.0
3265.350065307,1034,3265,200065304,map,12.30689878331298,8.705484643619267,0.0,0.0,0.0,0.0,0.0
3268.350065367,1035,3268,250065365,map,12.677837701701549,8.637998557043908,0.0,0.0,0.0,0.0,0.0
3271.350065427,1036,3271,350065427,map,12.676385354537528,8.638037922233316,0.0,0.0,0.0,0.0,0.0
3274.850065497,1037,3274,450065489,map,12.672479140789726,8.636861675126315,0.0,0.0,0.0,0.0,0.0
3277.850065557,1038,3277,550065551,map,12.678127472195941,8.637462217849151,0.0,0.0,0.0,0.0,0.0
3280.900065618,1039,3280,650065613,map,16.07300091805659,7.5733876904395885,0.0,0.0,0.0,0.0,0.0
3283.900065678,1040,3283,750065675,map,14.335362137061678,8.357694771286615,0.0,0.0,0.0,0.0,0.0
3286.850065737,1041,3286,850065737,map,17.06333353645258,7.309994505133015,0.0,0.0,0.0,0.0,0.0
3290.350065807,1042,3289,950065799,map,17.06332785806166,7.310004667164597,0.0,0.0,0.0,0.0,0.0
3293.350065867,1043,3293,50065861,map,17.063014342892526,7.3105456221962815,0.0,0.0,0.0,0.0,0.0
3296.400065928,1044,3296,150065923,map,17.06379713681642,7.309940505108395,0.0,0.0,0.0,0.0,0.0
3299.400065988,1045,3299,250065985,map,17.063815031120868,7.311319859717942,0.0,0.0,0.0,0.0,0.0
3302.350066047,1046,3302,350066047,map,17.06473625779855,7.310970919362712,0.0,0.0,0.0,0.0,0.0
3305.850066117,1047,3305,450066109,map,17.06874875040772,7.321519741026585,0.0,0.0,0.0,0.0,0.0
3308.900066178,1048,3308,550066171,map,17.065839532750985,7.317745935025033,0.0,0.0,0.0,0.0,0.0
3311.850066237,1049,3311,650066233,map,17.063663799624347,7.313172315380952,0.0,0.0,0.0,0.0,0.0
3314.850066297,1050,3314,750066295,map,17.063897468680388,7.310213007714803,0.0,0.0,0.0,0.0,0.0
3317.850066357,1051,3317,850066357,map,20.534587045853606,4.850170496943952,0.0,0.0,0.0,0.0,0.0
3321.400066428,1052,3320,950066419,map,21.136213875802497,4.232425412735328,0.0,0.0,0.0,0.0,0.0
3324.350066487,1053,3324,66480,map,21.137606775731996,4.2310224658328925,0.0,0.0,0.0,0.0,0.0
3327.400066548,1054,3327,100066542,map,21.136922544797336,4.231943117442615,0.0,0.0,0.0,0.0,0.0
3330.400066608,1055,3330,200066604,map,21.137702924089563,4.231393279157075,0.0,0.0,0.0,0.0,0.0
3333.400066668,1056,3333,250066665,map,22.97642883216638,1.0444326411090403,0.0,0.0,0.0,0.0,0.0
3336.850066737,1057,3336,350066727,map,22.999568454033966,1.0019381583357703,0.0,0.0,0.0,0.0,0.0
3339.850066797,1058,3339,450066789,map,22.999849615327115,1.002058709708072,0.0,0.0,0.0,0.0,0.0
3342.850066857,1059,3342,500066850,map,22.999020173060998,1.0068454440021246,0.0,0.0,0.0,0.0,0.0
3345.850066917,1060,3345,550066911,map,22.99994295248201,1.0017161947478073,0.0,0.0,0.0,0.0,0.0
3348.850066977,1061,3348,550066971,map,1.2457803233375337,10.236256660910936,0.0,0.0,0.0,0.0,0.0
3351.350067027,1062,3351,50067021,map,2.1922536970301016,10.933118852929942,0.0,0.0,0.0,0.0,0.0
3354.350067087,1063,3354,150067083,map,3.0858836445350826,10.728403240162924,0.0,0.0,0.0,0.0,0.0
3357.350067147,1064,3357,300067146,map,3.863592609001193,10.66455225708962,0.0,0.0,0.0,0.0,0.0
3360.850067217,1065,3360,400067208,map,4.654143416109752,10.277860732829932,0.0,0.0,0.0,0.0,0.0
3363.850067277,1066,3363,550067271,map,2.2775501544191115,12.024954011003915,0.0,0.0,0.0,0.0,0.0
3366.850067337,1067,3366,600067332,map,4.033816341851467,10.106692907258907,0.0,0.0,0.0,0.0,0.0
3369.850067397,1068,3369,700067394,map,4.103468291607277,9.506889430977466,0.0,0.0,0.0,0.0,0.0
3372.850067457,1069,3372,800067456,map,4.82606382017079,9.182378510682005,0.0,0.0,0.0,0.0,0.0
3376.350067527,1070,3375,950067519,map,5.77096971184384,9.19140483365732,0.0,0.0,0.0,0.0,0.0
3379.350067587,1071,3379,50067581,map,6.573591115754885,8.833003094312986,0.0,0.0,0.0,0.0,0.0
3382.350067647,1072,3382,200067644,map,6.8347088005163155,8.42136624223498,0.0,0.0,0.0,0.0,0.0
3385.850067717,1073,3385,450067709,map,5.196050804657905,8.984393383301214,0.0,0.0,0.0,0.0,0.0
3388.850067777,1074,3388,500067770,map,5.790568617131185,8.65083212245032,0.0,0.0,0.0,0.0,0.0
3391.850067837,1075,3391,650067833,map,6.116433294298815,9.071177855838076,0.0,0.0,0.0,0.0,0.0
3394.850067897,1076,3394,750067895,map,6.777108729206604,9.384560940008488,0.0,0.0,0.0,0.0,0.0
3398.350067967,1077,3397,900067958,map,7.4835382821821295,9.283031363372315,0.0,0.0,0.0,0.0,0.0
3401.350068027,1078,3401,68020,map,8.46143676288824,9.134131242936386,0.0,0.0,0.0,0.0,0.0
3404.350068087,1079,3404,100068082,map,9.379152563778849,8.998724406822022,0.0,0.0,0.0,0.0,0.0
3407.350068147,1080,3407,250068145,map,10.300224317738074,8.869805791358203,0.0,0.0,0.0,0.0,0.0
3410.850068217,1081,3410,400068208,map,11.220733168983042,8.788392218963272,0.0,0.0,0.0,0.0,0.0
3413.850068277,1082,3413,550068271,map,12.147635339345024,8.700738590353101,0.0,0.0,0.0,0.0,0.0
3416.850068337,1083,3416,700068334,map,12.868447830433437,8.577868782754358,0.0,0.0,0.0,0.0,0.0
3419.850068397,1084,3419,800068396,map,12.867951377229911,8.577986741935785,0.0,0.0,0.0,0.0,0.0
3423.350068467,1085,3422,950068459,map,12.864065665520119,8.57742251929079,0.0,0.0,0.0,0.0,0.0
3426.350068527,1086,3426,50068521,map,12.866059934952489,8.57726465625364,0.0,0.0,0.0,0.0,0.0
3429.350068587,1087,3429,150068583,map,12.869355924795004,8.57782415813076,0.0,0.0,0.0,0.0,0.0
3432.350068647,1088,3432,300068646,map,15.40208941790353,7.942316022324249,0.0,0.0,0.0,0.0,0.0
3435.850068717,1089,3435,400068708,map,16.569096259793803,7.498521149809254,0.0,0.0,0.0,0.0,0.0
3438.850068777,1090,3438,500068770,map,16.566520857748955,7.500223814067128,0.0,0.0,0.0,0.0,0.0
3441.850068837,1091,3441,600068832,map,16.566023128239273,7.502096919855337,0.0,0.0,0.0,0.0,0.0
3444.850068897,1092,3444,700068894,map,16.569035239533996,7.499833721485051,0.0,0.0,0.0,0.0,0.0
3447.850068957,1093,3447,750068955,map,16.570285407673165,7.499601926266054,0.0,0.0,0.0,0.0,0.0
3451.350069027,1094,3450,850069017,map,20.543786134921838,4.865545451417745,0.0,0.0,0.0,0.0,0.0
3454.350069087,1095,3453,950069079,map,20.44097705266629,5.25961618366505,0.0,0.0,0.0,0.0,0.0
3457.350069147,1096,3457,100069142,map,20.0549500898583,6.028412971752989,0.0,0.0,0.0,0.0,0.0
3460.350069207,1097,3460,200069204,map,19.611964184098134,6.290620229437964,0.0,0.0,0.0,0.0,0.0
3463.350069267,1098,3463,250069265,map,19.867881231722613,5.667179319983704,0.0,0.0,0.0,0.0,0.0
3466.850069337,1099,3466,400069328,map,20.46391711641553,4.9517376365632035,0.0,0.0,0.0,0.0,0.0
3469.850069397,1100,3469,550069391,map,21.040866511871968,4.289837979755678,0.0,0.0,0.0,0.0,0.0
3472.850069457,1101,3472,700069454,map,21.042045857392928,4.288461996890643,0.0,0.0,0.0,0.0,0.0
3476.350069527,1102,3475,850069517,map,21.036509110045095,4.295336091470165,0.0,0.0,0.0,0.0,0.0
3479.350069587,1103,3478,950069579,map,21.04243765568083,4.288139273556039,0.0,0.0,0.0,0.0,0.0
3482.350069647,1104,3482,50069641,map,22.941471650622727,1.1085597166399384,0.0,0.0,0.0,0.0,0.0
3485.400069708,1105,3485,150069703,map,22.999644556008697,1.0012019345119831,0.0,0.0,0.0,0.0,0.0
3488.400069768,1106,3488,250069765,map,22.999764341949117,1.0015419852610092,0.0,0.0,0.0,0.0,0.0
3491.850069837,1107,3491,400069828,map,22.999475433484104,1.0045348603083046,0.0,0.0,0.0,0.0,0.0
3494.850069897,1108,3494,550069891,map,22.999656833184353,1.0031072946950346,0.0,0.0,0.0,0.0,0.0
3497.900069958,1109,3497,700069954,map,1.5169918508142297,10.145223016135951,0.0,0.0,0.0,0.0,0.0
3500.350070007,1110,3500,100070002,map,2.40789413710068,10.655363332578611,0.0,0.0,0.0,0.0,0.0
3503.350070067,1111,3503,150070063,map,3.3141431435679367,10.485100210077528,0.0,0.0,0.0,0.0,0.0
3506.350070127,1112,3506,250070125,map,3.875513777190851,10.001074107296976,0.0,0.0,0.0,0.0,0.0
3509.350070187,1113,3509,250070185,map,4.39519658682157,10.217077872506353,0.0,0.0,0.0,0.0,0.0
3512.850070257,1114,3512,350070247,map,3.9911062844283407,10.470348285869232,0.0,0.0,0.0,0.0,0.0
3516.350070327,1115,3516,200070324,map,0.17044831402486468,10.244876831068769,0.0,0.0,0.0,0.0,0.0
3519.350070387,1116,3519,300070386,map,1.019235212870788,10.667293175986597,0.0,0.0,0.0,0.0,0.0
3522.850070457,1117,3522,350070447,map,2.205036050381441,10.529887432789032,0.0,0.0,0.0,0.0,0.0
3525.850070517,1118,3525,450070509,map,3.0392481290941826,10.235278041620749,0.0,0.0,0.0,0.0,0.0
3528.850070577,1119,3528,500070570,map,3.989380807065426,10.098706445279864,0.0,0.0,0.0,0.0,0.0
3531.850070637,1120,3531,550070631,map,4.846511029870697,9.966407097509972,0.0,0.0,0.0,0.0,0.0
3534.850070697,1121,3534,650070693,map,5.7361544594730836,9.801559272702473,0.0,0.0,0.0,0.0,0.0
3537.850070757,1122,3537,700070754,map,6.625074243126363,9.704503648590952,0.0,0.0,0.0,0.0,0.0
3540.850070817,1123,3540,750070815,map,6.801105460742069,9.744636186416917,0.0,0.0,0.0,0.0,0.0
3543.850070877,1124,3543,850070877,map,6.108222416647554,9.626874589707288,0.0,0.0,0.0,0.0,0.0
3547.350070947,1125,3546,950070939,map,5.815878696546521,9.265061319055524,0.0,0.0,0.0,0.0,0.0
3550.350071007,1126,3550,71000,map,6.536261386773638,9.027259831821558,0.0,0.0,0.0,0.0,0.0
3553.350071067,1127,3553,150071063,map,7.463539062738475,9.019758253920521,0.0,0.0,0.0,0.0,0.0
3556.350071127,1128,3556,200071124,map,8.391308145647065,8.997851183368876,0.0,0.0,0.0,0.0,0.0
3559.850071197,1129,3559,350071187,map,9.291382804648677,8.955809770755156,0.0,0.0,0.0,0.0,0.0
3562.850071257,1130,3562,400071248,map,9.625071476913462,8.931512976473085,0.0,0.0,0.0,0.0,0.0
3565.850071317,1131,3565,500071310,map,9.61892390528855,8.932335147747633,0.0,0.0,0.0,0.0,0.0
3568.850071377,1132,3568,650071373,map,9.61579879162424,8.933599952548851,0.0,0.0,0.0,0.0,0.0
3571.850071437,1133,3571,700071434,map,9.623796372547583,8.932366832780474,0.0,0.0,0.0,0.0,0.0
3574.850071497,1134,3574,750071495,map,12.935330601567195,8.481261048514146,0.0,0.0,0.0,0.0,0.0
3577.850071557,1135,3577,850071557,map,12.93334164648784,8.481023683258579,0.0,0.0,0.0,0.0,0.0
3581.350071627,1136,3581,71620,map,12.923700885599136,8.478265394484431,0.0,0.0,0.0,0.0,0.0
3584.350071687,1137,3584,100071682,map,12.934617036895538,8.481415924845003,0.0,0.0,0.0,0.0,0.0
3587.350071747,1138,3587,150071743,map,15.877053896165894,8.334029885061009,0.0,0.0,0.0,0.0,0.0
3590.400071808,1139,3590,200071804,map,16.028022613535242,8.15701533380902,0.0,0.0,0.0,0.0,0.0
3593.350071867,1140,3593,250071865,map,15.875676468986441,7.805264543529147,0.0,0.0,0.0,0.0,0.0
3596.350071927,1141,3596,300071926,map,16.109572252044543,8.072647177487045,0.0,0.0,0.0,0.0,0.0
3599.850071997,1142,3599,400071988,map,15.873953685504743,7.79746774391087,0.0,0.0,0.0,0.0,0.0
3602.850072057,1143,3602,450072049,map,19.926176506401074,5.3986250405231,0.0,0.0,0.0,0.0,0.0
3605.850072117,1144,3605,550072111,map,20.49008866245341,4.891065849415543,0.0,0.0,0.0,0.0,0.0
3608.850072177,1145,3608,600072172,map,20.692568219690628,4.967507266702855,0.0,0.0,0.0,0.0,0.0
3611.900072238,1146,3611,700072234,map,19.819404773156453,6.8370320252508305,0.0,0.0,0.0,0.0,0.0
3616.400072328,1147,3616,50072321,map,20.902049366725144,10.955632268792261,0.0,0.0,0.0,0.0,0.0
3619.400072388,1148,3619,100072382,map,21.164906499153993,12.005891037048208,0.0,0.0,0.0,0.0,0.0
3622.350072447,1149,3622,150072443,map,20.586454913715084,10.307749745583227,0.0,0.0,0.0,0.0,0.0
3625.400072508,1150,3625,300072506,map,20.992592226618903,11.550572390436141,0.0,0.0,0.0,0.0,0.0
3628.850072577,1151,3628,400072568,map,20.981089123414044,11.643125657025363,0.0,0.0,0.0,0.0,0.0
3631.850072637,1152,3631,450072629,map,20.110829254056515,10.156653253213687,0.0,0.0,0.0,0.0,0.0
3634.900072698,1153,3634,600072692,map,20.234693155864896,10.336654550070708,0.0,0.0,0.0,0.0,0.0
3638.850072777,1154,3638,450072769,map,13.136124856649767,11.83355637515153,0.0,0.0,0.0,0.0,0.0
3642.400072848,1155,3642,100072842,map,13.264052511579425,11.260633172566626,0.0,0.0,0.0,0.0,0.0
3645.850072917,1156,3645,750072915,map,13.507129824829903,11.106048388552392,0.0,0.0,0.0,0.0,0.0
3648.900072978,1157,3648,850072977,map,14.712968937395043,9.07408303271386,0.0,0.0,0.0,0.0,0.0
3652.050073041,1158,3651,950073039,map,14.709726868717198,9.077555700192327,0.0,0.0,0.0,0.0,0.0
3655.400073108,1159,3655,50073101,map,14.70541057086101,9.076347033163495,0.0,0.0,0.0,0.0,0.0
3658.350073167,1160,3658,100073162,map,14.714470061725912,9.070310478727276,0.0,0.0,0.0,0.0,0.0
3661.50007323,1161,3661,200073224,map,17.72820946767293,7.073885193416242,0.0,0.0,0.0,0.0,0.0
3664.400073288,1162,3664,250073285,map,17.819878785578943,7.00785280546456,0.0,0.0,0.0,0.0,0.0
3667.400073348,1163,3667,350073347,map,17.81991527947062,7.007931499637854,0.0,0.0,0.0,0.0,0.0
3670.950073419,1164,3670,400073408,map,17.822456627056184,7.00583328584796,0.0,0.0,0.0,0.0,0.0
3673.900073478,1165,3673,550073471,map,17.822353972642343,7.006128910229675,0.0,0.0,0.0,0.0,0.0
3676.850073537,1166,3676,600073532,map,17.82258967733771,7.005813448534594,0.0,0.0,0.0,0.0,0.0
3679.900073598,1167,3679,700073594,map,17.826125207875464,7.011001944884006,0.0,0.0,0.0,0.0,0.0
3682.850073657,1168,3682,750073655,map,17.824309276279827,7.009253523796293,0.0,0.0,0.0,0.0,0.0
3685.900073718,1169,3685,850073717,map,17.82511904322849,7.009784009007534,0.0,0.0,0.0,0.0,0.0
3689.400073788,1170,3688,950073779,map,20.91698860411792,4.746006905776069,0.0,0.0,0.0,0.0,0.0
3692.350073847,1171,3692,73840,map,20.9809710999097,4.49674891568047,0.0,0.0,0.0,0.0,0.0
3695.400073908,1172,3695,100073902,map,20.980112599234022,4.497235675071632,0.0,0.0,0.0,0.0,0.0
3698.350073967,1173,3698,150073963,map,20.976731898102646,4.50109572926633,0.0,0.0,0.0,0.0,0.0
3701.350074027,1174,3701,250074025,map,20.981448108648145,4.4951891090748095,0.0,0.0,0.0,0.0,0.0
3704.400074088,1175,3704,300074086,map,20.981438897785488,4.4953527858792,0.0,0.0,0.0,0.0,0.0
3707.400074148,1176,3707,350074147,map,22.997990451648644,1.0048055400250104,0.0,0.0,0.0,0.0,0.0
3710.850074217,1177,3710,400074208,map,22.9999481500953,1.0006554101410674,0.0,0.0,0.0,0.0,0.0
3713.850074277,1178,3713,450074269,map,22.99973682304875,1.0024946877043468,0.0,0.0,0.0,0.0,0.0
3716.850074337,1179,3716,450074329,map,23.000043456456957,1.0002696533000623,0.0,0.0,0.0,0.0,0.0
3719.900074398,1180,3719,550074391,map,22.999924122056786,1.0020978617446317,0.0,0.0,0.0,0.0,0.0
3723.950074479,1181,3723,700074474,map,2.326802181004799,10.938260391349804,0.0,0.0,0.0,0.0,0.0
3726.850074537,1182,3726,800074536,map,3.2425775750726125,10.727116521642817,0.0,0.0,0.0,0.0,0.0
3730.350074607,1183,3729,900074598,map,2.9101682804752214,9.916247152258054,0.0,0.0,0.0,0.0,0.0
3733.350074667,1184,3732,950074659,map,4.566256235913146,10.357350412209323,0.0,0.0,0.0,0.0,0.0
3736.350074727,1185,3736,50074721,map,4.522622918721336,10.565527854247437,0.0,0.0,0.0,0.0,0.0
3739.400074788,1186,3739,150074783,map,3.846336295512786,10.374089328483096,0.0,0.0,0.0,0.0,0.0
3742.350074847,1187,3742,250074845,map,3.1088884031493267,9.991318164979827,0.0,0.0,0.0,0.0,0.0
3745.400074908,1188,3745,350074907,map,3.0578700264889864,9.502891359268949,0.0,0.0,0.0,0.0,0.0
3748.850074977,1189,3748,450074969,map,3.91081802065482,9.412481315269432,0.0,0.0,0.0,0.0,0.0
3751.900075038,1190,3751,550075031,map,4.835274700838742,9.522376503959098,0.0,0.0,0.0,0.0,0.0
3754.850075097,1191,3754,650075093,map,4.4884730748233785,9.623397063580825,0.0,0.0,0.0,0.0,0.0
3757.850075157,1192,3757,700075154,map,5.531960549968677,10.831586173918556,0.0,0.0,0.0,0.0,0.0
3760.850075217,1193,3760,800075216,map,7.465379024444838,9.721357906222877,0.0,0.0,0.0,0.0,0.0
3763.850075277,1194,3763,850075277,map,7.207741363764772,9.89262991203126,0.0,0.0,0.0,0.0,0.0
3767.400075348,1195,3766,950075339,map,6.501996190825306,9.640383013437747,0.0,0.0,0.0,0.0,0.0
3770.400075408,1196,3770,100075402,map,6.241366851167415,9.145920932663952,0.0,0.0,0.0,0.0,0.0
3773.350075467,1197,3773,250075465,map,7.013898525271629,8.884212810424017,0.0,0.0,0.0,0.0,0.0
3776.350075527,1198,3776,350075527,map,7.937021910008378,8.90631772609621,0.0,0.0,0.0,0.0,0.0
3779.850075597,1199,3779,500075590,map,8.889207782043353,8.916045383566422,0.0,0.0,0.0,0.0,0.0
3782.850075657,1200,3782,600075652,map,9.839212455470658,8.907445026455738,0.0,0.0,0.0,0.0,0.0
3785.850075717,1201,3785,700075714,map,10.72539919827619,8.876037973851625,0.0,0.0,0.0,0.0,0.0
3788.850075777,1202,3788,750075775,map,11.634416472002512,8.808708300165812,0.0,0.0,0.0,0.0,0.0
3791.850075837,1203,3791,850075837,map,12.47757164857,8.70091843951281,0.0,0.0,0.0,0.0,0.0
3795.350075907,1204,3794,950075899,map,12.809911781165905,8.632258525869819,0.0,0.0,0.0,0.0,0.0
3798.350075967,1205,3798,50075961,map,12.806809127936504,8.63269260205293,0.0,0.0,0.0,0.0,0.0
3801.350076027,1206,3801,150076023,map,12.805282108842238,8.631823146503002,0.0,0.0,0.0,0.0,0.0
3804.350076087,1207,3804,200076084,map,12.808983470912128,8.63216473401867,0.0,0.0,0.0,0.0,0.0
3807.350076147,1208,3807,350076147,map,15.152286784677676,8.843632712173427,0.0,0.0,0.0,0.0,0.0
3810.850076217,1209,3810,400076208,map,16.02752022434516,8.174311993573134,0.0,0.0,0.0,0.0,0.0
3813.850076277,1210,3813,500076270,map,15.962261032115117,7.725362432629562,0.0,0.0,0.0,0.0,0.0
3816.850076337,1211,3816,550076331,map,15.960035421523898,7.734753025045827,0.0,0.0,0.0,0.0,0.0
3819.850076397,1212,3819,650076393,map,15.940236784605677,7.768002826661176,0.0,0.0,0.0,0.0,0.0
3822.850076457,1213,3822,750076455,map,15.964942610875472,7.716693889866817,0.0,0.0,0.0,0.0,0.0
3826.350076527,1214,3825,850076517,map,19.873074181097543,4.776132471622502,0.0,0.0,0.0,0.0,0.0
3829.350076587,1215,3828,950076579,map,20.27000021178238,4.966360574824698,0.0,0.0,0.0,0.0,0.0
3832.350076647,1216,3832,50076641,map,20.145917126101786,5.613986488829685,0.0,0.0,0.0,0.0,0.0
3835.350076707,1217,3835,150076703,map,19.674697431913216,6.253830818238741,0.0,0.0,0.0,0.0,0.0
3838.350076767,1218,3838,250076765,map,19.435719532548898,5.772010956641507,0.0,0.0,0.0,0.0,0.0
3841.350076827,1219,3841,350076827,map,19.925312620913346,5.036849953849381,0.0,0.0,0.0,0.0,0.0
3844.850076897,1220,3844,450076889,map,20.53927947018257,4.312495677133824,0.0,0.0,0.0,0.0,0.0
3847.850076957,1221,3847,550076951,map,20.223174326781226,4.789656229212978,0.0,0.0,0.0,0.0,0.0
3850.850077017,1222,3850,650077013,map,21.683789635797147,2.9128755669043334,0.0,0.0,0.0,0.0,0.0
3853.850077077,1223,3853,750077075,map,22.23553874254806,2.246100784519765,0.0,0.0,0.0,0.0,0.0
3857.350077147,1224,3856,850077137,map,22.717515600743052,1.5145349110343393,0.0,0.0,0.0,0.0,0.0
3860.350077207,1225,3859,950077199,map,22.9986073128678,1.0038132191417748,0.0,0.0,0.0,0.0,0.0
3863.350077267,1226,3863,77260,map,23.00008529814407,1.0007131190407663,0.0,0.0,0.0,0.0,0.0
3866.350077327,1227,3866,50077321,map,22.99811013789126,1.00748991498375,0.0,0.0,0.0,0.0,0.0
3869.350077387,1228,3869,150077383,map,23.000058581053853,1.0008963040798786,0.0,0.0,0.0,0.0,0.0
3872.350077447,1229,3872,200077444,map,23.000080272587347,1.0039123880393364,0.0,0.0,0.0,0.0,0.0
3876.900077538,1230,3876,400077528,map,2.567929518723804,10.855321440043722,0.0,0.0,0.0,0.0,0.0
3879.850077597,1231,3879,550077591,map,3.47642431684036,10.68120305157536,0.0,0.0,0.0,0.0,0.0
3882.900077658,1232,3882,650077653,map,4.187454032978125,10.245104232734345,0.0,0.0,0.0,0.0,0.0
3885.850077717,1233,3885,750077715,map,4.149536447085057,10.30736100406028,0.0,0.0,0.0,0.0,0.0
3888.850077777,1234,3888,800077776,map,3.502943218423007,9.987422912985187,0.0,0.0,0.0,0.0,0.0
3892.350077847,1235,3891,850077837,map,3.1307442793954925,9.48549016540192,0.0,0.0,0.0,0.0,0.0
3895.350077907,1236,3894,950077899,map,3.874900045922578,9.149694496129376,0.0,0.0,0.0,0.0,0.0
3898.350077967,1237,3898,50077961,map,4.796669632376289,9.057457336176336,0.0,0.0,0.0,0.0,0.0
3901.400078028,1238,3901,100078022,map,5.69008777866326,8.851610313467923,0.0,0.0,0.0,0.0,0.0
3904.400078088,1239,3904,200078084,map,6.383140621337258,8.489714787585417,0.0,0.0,0.0,0.0,0.0
3907.400078148,1240,3907,250078145,map,6.423213871747146,8.466500581722073,0.0,0.0,0.0,0.0,0.0
3910.350078207,1241,3910,350078207,map,5.989497533274825,8.548293805739721,0.0,0.0,0.0,0.0,0.0
3913.350078267,1242,3913,350078267,map,5.772401016433218,8.756540615535288,0.0,0.0,0.0,0.0,0.0
3916.850078337,1243,3916,450078329,map,5.992625589492276,8.849644197934001,0.0,0.0,0.0,0.0,0.0
3919.850078397,1244,3919,450078389,map,6.933920768813423,8.926898824478503,0.0,0.0,0.0,0.0,0.0
3922.850078457,1245,3922,550078451,map,7.8251739048037425,8.963535318609164,0.0,0.0,0.0,0.0,0.0
3925.850078517,1246,3925,600078512,map,8.744079320966536,8.986441468597723,0.0,0.0,0.0,0.0,0.0
3928.850078577,1247,3928,750078575,map,9.629023759087767,8.989265382637146,0.0,0.0,0.0,0.0,0.0
3932.350078647,1248,3931,850078637,map,10.539992095597125,8.964030080349781,0.0,0.0,0.0,0.0,0.0
3935.350078707,1249,3934,950078699,map,11.468956957767302,8.894694235599742,0.0,0.0,0.0,0.0,0.0
3938.350078767,1250,3938,78760,map,12.305937524762683,8.77339944690796,0.0,0.0,0.0,0.0,0.0
3941.350078827,1251,3941,150078823,map,12.683583743842261,8.688536221234124,0.0,0.0,0.0,0.0,0.0
3944.350078887,1252,3944,200078884,map,12.683523785251236,8.688491086315878,0.0,0.0,0.0,0.0,0.0
3947.300078946,1253,3947,250078945,map,12.683676027981356,8.688403494728757,0.0,0.0,0.0,0.0,0.0
3950.850079017,1254,3950,350079007,map,12.682024807555276,8.687734180530455,0.0,0.0,0.0,0.0,0.0
3953.850079077,1255,3953,450079069,map,12.678220514125215,8.68614791972146,0.0,0.0,0.0,0.0,0.0
3956.850079137,1256,3956,550079131,map,12.684131796507431,8.688419133463693,0.0,0.0,0.0,0.0,0.0
3959.850079197,1257,3959,650079193,map,16.019448005283564,8.361380130311144,0.0,0.0,0.0,0.0,0.0
3962.850079257,1258,3962,700079254,map,16.320244232051596,7.5301630129161605,0.0,0.0,0.0,0.0,0.0
3965.900079318,1259,3965,750079315,map,16.31812866067048,7.533696412376887,0.0,0.0,0.0,0.0,0.0
3969.350079387,1260,3968,850079377,map,16.318956091941736,7.537730893938808,0.0,0.0,0.0,0.0,0.0
3972.400079448,1261,3971,950079439,map,16.32016595093578,7.532330647839592,0.0,0.0,0.0,0.0,0.0
3975.350079507,1262,3975,100079502,map,16.321743437598663,7.532826073886036,0.0,0.0,0.0,0.0,0.0
3978.400079568,1263,3978,250079565,map,20.4898768354403,4.845578007570526,0.0,0.0,0.0,0.0,0.0
3981.850079637,1264,3981,350079627,map,20.649975955856817,5.034166381092862,0.0,0.0,0.0,0.0,0.0
3984.400079688,1265,3984,400079688,map,20.253794434187373,6.009829331369516,0.0,0.0,0.0,0.0,0.0
3987.850079757,1266,3987,450079749,map,19.940217815960363,6.340546570703399,0.0,0.0,0.0,0.0,0.0
3990.850079817,1267,3990,550079811,map,19.881660626859542,5.906221176119333,0.0,0.0,0.0,0.0,0.0
3993.850079877,1268,3993,650079873,map,20.35305454821021,5.169134457802517,0.0,0.0,0.0,0.0,0.0
3996.850079937,1269,3996,750079935,map,20.89772718523482,4.477464541229627,0.0,0.0,0.0,0.0,0.0
3999.850079997,1270,3999,850079997,map,21.337603252405962,3.987495397437881,0.0,0.0,0.0,0.0,0.0
4003.350080067,1271,4002,900080058,map,21.338747881300733,3.986195604636106,0.0,0.0,0.0,0.0,0.0
4006.350080127,1272,4005,950080119,map,21.337202754788947,3.9888252964565156,0.0,0.0,0.0,0.0,0.0
4009.400080188,1273,4009,50080181,map,21.338782562437657,3.9866046852804518,0.0,0.0,0.0,0.0,0.0
4012.400080248,1274,4012,150080243,map,22.99950149821348,1.0016981494794535,0.0,0.0,0.0,0.0,0.0
4015.400080308,1275,4015,150080303,map,22.99920490364606,1.0023595345766259,0.0,0.0,0.0,0.0,0.0
4018.400080368,1276,4018,250080365,map,22.999232049433452,1.0041606141789554,0.0,0.0,0.0,0.0,0.0
4021.400080428,1277,4021,250080425,map,22.999881017248427,1.0001311097899577,0.0,0.0,0.0,0.0,0.0
4024.400080488,1278,4024,350080487,map,22.999391266792664,1.00573776152978,0.0,0.0,0.0,0.0,0.0
4028.400080568,1279,4028,250080565,map,2.3160952016862177,10.724491144241249,0.0,0.0,0.0,0.0,0.0
4031.850080637,1280,4031,400080628,map,3.2359393647439405,10.518087152794182,0.0,0.0,0.0,0.0,0.0
4034.850080697,1281,4034,450080689,map,4.1161710815952945,10.248796665430193,0.0,0.0,0.0,0.0,0.0
4037.900080758,1282,4037,500080750,map,4.612489588738451,10.183902107755674,0.0,0.0,0.0,0.0,0.0
4040.850080817,1283,4040,600080812,map,4.744262079015722,10.081658891367457,0.0,0.0,0.0,0.0,0.0
4043.850080877,1284,4043,750080875,map,4.431168469541505,9.892153169473719,0.0,0.0,0.0,0.0,0.0
4046.850080937,1285,4046,800080936,map,5.099004171451312,9.760472898037017,0.0,0.0,0.0,0.0,0.0
4050.350081007,1286,4049,900080998,map,5.9854191467688675,9.775073595141894,0.0,0.0,0.0,0.0,0.0
4053.350081067,1287,4052,950081059,map,6.1563408598200935,9.764585432987989,0.0,0.0,0.0,0.0,0.0
4056.350081127,1288,4056,50081121,map,6.1549035228927815,9.764604508070539,0.0,0.0,0.0,0.0,0.0
4059.350081187,1289,4059,150081183,map,6.143605073839368,9.761947132808338,0.0,0.0,0.0,0.0,0.0
4062.350081247,1290,4062,250081245,map,6.156709998125635,9.76450869727126,0.0,0.0,0.0,0.0,0.0
4065.850081317,1291,4065,350081307,map,10.24830497233827,8.725565961865055,0.0,0.0,0.0,0.0,0.0
4068.850081377,1292,4068,450081369,map,11.14924412040788,8.731989009547132,0.0,0.0,0.0,0.0,0.0
4071.850081437,1293,4071,500081430,map,12.013846173238232,8.679980976946727,0.0,0.0,0.0,0.0,0.0
4074.850081497,1294,4074,550081491,map,12.514060573200162,8.606461836553812,0.0,0.0,0.0,0.0,0.0
4077.850081557,1295,4077,650081553,map,12.51622120109598,8.605949708591144,0.0,0.0,0.0,0.0,0.0
4080.850081617,1296,4080,750081615,map,12.514472854431919,8.605908173887624,0.0,0.0,0.0,0.0,0.0
4083.850081677,1297,4083,850081677,map,12.516544246772504,8.605871543707206,0.0,0.0,0.0,0.0,0.0
4087.350081747,1298,4086,950081739,map,12.51631058472272,8.605970343633782,0.0,0.0,0.0,0.0,0.0
4090.400081808,1299,4090,81800,map,16.340771536134493,7.832701424380009,0.0,0.0,0.0,0.0,0.0
4093.400081868,1300,4093,50081861,map,16.491217157176248,7.5465183145665335,0.0,0.0,0.0,0.0,0.0
4096.400081928,1301,4096,150081923,map,16.488748116319552,7.548681088285996,0.0,0.0,0.0,0.0,0.0
4099.400081988,1302,4099,250081985,map,16.488470537305787,7.5508226463789825,0.0,0.0,0.0,0.0,0.0
4102.400082048,1303,4102,350082047,map,16.490985014831473,7.547798868989976,0.0,0.0,0.0,0.0,0.0
4105.850082117,1304,4105,450082109,map,16.492117547075317,7.549124937192145,0.0,0.0,0.0,0.0,0.0
4108.850082177,1305,4108,550082171,map,20.462786881113438,4.883645986211617,0.0,0.0,0.0,0.0,0.0
4111.850082237,1306,4111,650082233,map,20.4447689410187,5.082505497745469,0.0,0.0,0.0,0.0,0.0
4114.850082297,1307,4114,750082295,map,19.934583266115958,6.1780195156986455,0.0,0.0,0.0,0.0,0.0
4117.900082358,1308,4117,850082357,map,19.60925183207215,6.287573799894864,0.0,0.0,0.0,0.0,0.0
4121.400082428,1309,4120,950082419,map,19.771808047157883,5.759518772182572,0.0,0.0,0.0,0.0,0.0
4124.350082487,1310,4124,50082481,map,20.364252518973327,5.030036865362935,0.0,0.0,0.0,0.0,0.0
4127.400082548,1311,4127,150082543,map,20.768378531668134,4.568266959571144,0.0,0.0,0.0,0.0,0.0
4130.450082609,1312,4130,250082605,map,20.76777284784629,4.568996149128671,0.0,0.0,0.0,0.0,0.0
4133.350082667,1313,4133,350082667,map,20.764087072715128,4.57404198001508,0.0,0.0,0.0,0.0,0.0
4136.950082739,1314,4136,450082729,map,20.768960379329485,4.567816940009063,0.0,0.0,0.0,0.0,0.0
4139.850082797,1315,4139,500082790,map,22.85091907640264,1.2853747528130872,0.0,0.0,0.0,0.0,0.0
4142.850082857,1316,4142,600082852,map,22.99893139056742,1.004302644583079,0.0,0.0,0.0,0.0,0.0
4145.900082918,1317,4145,650082913,map,22.99999846889331,1.0014287324889675,0.0,0.0,0.0,0.0,0.0
4148.900082978,1318,4148,750082975,map,22.999777347484148,1.0037557779603887,0.0,0.0,0.0,0.0,0.0
4151.900083038,1319,4151,800083036,map,23.000048603689436,1.0009880189119915,0.0,0.0,0.0,0.0,0.0
4155.400083108,1320,4154,900083098,map,1.2244270612922248,10.240607426324356,0.0,0.0,0.0,0.0,0.0
4158.400083168,1321,4158,200083164,map,2.3916608624859634,10.907745048254267,0.0,0.0,0.0,0.0,0.0
4161.350083227,1322,4161,250083225,map,3.269444571457876,10.72449811107596,0.0,0.0,0.0,0.0,0.0
4164.350083287,1323,4164,350083287,map,4.142062502001293,10.437875527948863,0.0,0.0,0.0,0.0,0.0
4167.850083357,1324,4167,450083349,map,4.558849122454781,10.408151197563829,0.0,0.0,0.0,0.0,0.0
4170.850083417,1325,4170,550083411,map,4.495010299986365,10.587708602921982,0.0,0.0,0.0,0.0,0.0
4173.850083477,1326,4173,650083473,map,3.863715302559997,10.370703096780218,0.0,0.0,0.0,0.0,0.0
4176.900083538,1327,4176,750083535,map,3.2497444883605495,9.941862879387479,0.0,0.0,0.0,0.0,0.0
4179.900083598,1328,4179,800083596,map,3.3822098214419007,9.383789532459396,0.0,0.0,0.0,0.0,0.0
4183.400083668,1329,4182,850083657,map,4.246629408939616,9.355996967427483,0.0,0.0,0.0,0.0,0.0
4186.350083727,1330,4185,950083719,map,5.164782576017941,9.476499719997706,0.0,0.0,0.0,0.0,0.0
4189.400083788,1331,4189,100083782,map,6.008748135556175,9.638012207099948,0.0,0.0,0.0,0.0,0.0
4192.400083848,1332,4192,150083843,map,6.8397060073181795,9.743693459607961,0.0,0.0,0.0,0.0,0.0
4195.400083908,1333,4195,250083905,map,7.786529038164503,9.662230035773534,0.0,0.0,0.0,0.0,0.0
4198.400083968,1334,4198,300083966,map,7.124509189658969,9.799537582592471,0.0,0.0,0.0,0.0,0.0
4201.900084038,1335,4201,400084028,map,6.7857551818153565,9.333879390169493,0.0,0.0,0.0,0.0,0.0
4204.850084097,1336,4204,500084090,map,7.106189135815044,8.8875793588884,0.0,0.0,0.0,0.0,0.0
4207.850084157,1337,4207,550084151,map,7.958670584489237,8.906512359900718,0.0,0.0,0.0,0.0,0.0
4210.850084217,1338,4210,600084212,map,8.839559520165892,8.952421426929117,0.0,0.0,0.0,0.0,0.0
4213.900084278,1339,4213,700084274,map,9.798567007721369,8.910821030063753,0.0,0.0,0.0,0.0,0.0
4216.850084337,1340,4216,850084337,map,10.727607724843798,8.868528943713127,0.0,0.0,0.0,0.0,0.0
4220.400084408,1341,4219,950084399,map,11.615848226154522,8.846717568242264,0.0,0.0,0.0,0.0,0.0
4223.350084467,1342,4223,84460,map,12.340287292044732,8.787737969927118,0.0,0.0,0.0,0.0,0.0
4226.350084527,1343,4226,50084521,map,12.340416573918805,8.787995431471366,0.0,0.0,0.0,0.0,0.0
4229.350084587,1344,4229,150084583,map,12.341502067580103,8.787247685354119,0.0,0.0,0.0,0.0,0.0
4232.350084647,1345,4232,250084645,map,12.342134713985551,8.78638248399016,0.0,0.0,0.0,0.0,0.0
4235.850084717,1346,4235,350084707,map,12.344707642366783,8.786850572506076,0.0,0.0,0.0,0.0,0.0
4238.850084777,1347,4238,450084769,map,15.292311083470363,8.660559434614122,0.0,0.0,0.0,0.0,0.0
4241.850084837,1348,4241,550084831,map,15.534281365874222,8.878843677200294,0.0,0.0,0.0,0.0,0.0
4244.850084897,1349,4244,550084891,map,15.999533736984658,7.713626758437974,0.0,0.0,0.0,0.0,0.0
4247.850084957,1350,4247,550084951,map,16.005776763193197,7.723619403519477,0.0,0.0,0.0,0.0,0.0
4250.850085017,1351,4250,650085013,map,15.96370442125367,7.74263586615799,0.0,0.0,0.0,0.0,0.0
4253.850085077,1352,4253,750085075,map,16.001166029994277,7.706517426224904,0.0,0.0,0.0,0.0,0.0
4257.350085147,1353,4256,850085137,map,20.190579087927112,5.134527295049968,0.0,0.0,0.0,0.0,0.0
4260.350085207,1354,4259,900085198,map,20.40452867514197,5.1818602290905815,0.0,0.0,0.0,0.0,0.0
4263.350085267,1355,4262,950085259,map,20.062681558278754,5.850208218654974,0.0,0.0,0.0,0.0,0.0
4266.350085327,1356,4266,50085321,map,19.58582446188877,6.104103064662034,0.0,0.0,0.0,0.0,0.0
4269.350085387,1357,4269,150085383,map,19.876995547425558,5.505229708215941,0.0,0.0,0.0,0.0,0.0
4272.350085447,1358,4272,250085445,map,20.547279745216866,4.8225852442498685,0.0,0.0,0.0,0.0,0.0
4275.350085507,1359,4275,300085506,map,21.16094218758601,4.174990697728068,0.0,0.0,0.0,0.0,0.0
4278.850085577,1360,4278,400085568,map,21.289039521311157,4.040907076165927,0.0,0.0,0.0,0.0,0.0
4281.850085637,1361,4281,500085630,map,21.2848835832852,4.045772164299315,0.0,0.0,0.0,0.0,0.0
4284.850085697,1362,4284,600085692,map,21.286228212887877,4.047324269715745,0.0,0.0,0.0,0.0,0.0
4287.850085757,1363,4287,700085754,map,21.289051625124088,4.0413457903355114,0.0,0.0,0.0,0.0,0.0
4290.850085817,1364,4290,800085816,map,22.999896972772422,1.0004640249667653,0.0,0.0,0.0,0.0,0.0
4294.350085887,1365,4293,900085878,map,22.999873942587016,1.001246114605472,0.0,0.0,0.0,0.0,0.0
4297.350085947,1366,4296,950085939,map,22.996904608828395,1.015504267494297,0.0,0.0,0.0,0.0,0.0
4300.350086007,1367,4300,86000,map,22.99994404791935,1.000832390614402,0.0,0.0,0.0,0.0,0.0
4303.400086068,1368,4303,100086062,map,1.3409303130926618,10.239446832032566,0.0,0.0,0.0,0.0,0.0
4306.350086127,1369,4305,900086118,map,2.3799382521029306,10.913197566149833,0.0,0.0,0.0,0.0,0.0
4309.350086187,1370,4309,86180,map,3.32884591976981,10.71373477975466,0.0,0.0,0.0,0.0,0.0
4312.350086247,1371,4312,50086241,map,2.7725462430294643,9.87473140180094,0.0,0.0,0.0,0.0,0.0
4315.350086307,1372,4315,150086303,map,4.514009602958712,10.398803427341274,0.0,0.0,0.0,0.0,0.0
4318.350086367,1373,4318,250086365,map,4.3854459606059235,10.672298620376614,0.0,0.0,0.0,0.0,0.0
4321.350086427,1374,4321,350086427,map,3.9274394810618043,10.391234312811346,0.0,0.0,0.0,0.0,0.0
4324.850086497,1375,4324,400086488,map,3.360833843791526,9.896763886935691,0.0,0.0,0.0,0.0,0.0
4327.850086557,1376,4327,500086550,map,3.4741313464901906,9.342599296903872,0.0,0.0,0.0,0.0,0.0
4330.850086617,1377,4330,550086611,map,4.340994135675253,9.2701527194012,0.0,0.0,0.0,0.0,0.0
4333.850086677,1378,4333,650086673,map,5.234735589275196,9.385060615581752,0.0,0.0,0.0,0.0,0.0
4336.850086737,1379,4336,650086733,map,6.024860005295107,9.623589638888042,0.0,0.0,0.0,0.0,0.0
4339.850086797,1380,4339,800086796,map,6.8903860222009765,9.725493284038748,0.0,0.0,0.0,0.0,0.0
4342.850086857,1381,4342,850086857,map,7.783994725742732,9.658615763864272,0.0,0.0,0.0,0.0,0.0
4346.350086927,1382,4345,950086919,map,6.101920016201394,9.516180925037576,0.0,0.0,0.0,0.0,0.0
4349.350086987,1383,4349,86980,map,7.160041139214778,9.029922011085976,0.0,0.0,0.0,0.0,0.0
4352.350087047,1384,4352,100087042,map,7.846902769589999,8.792757299846414,0.0,0.0,0.0,0.0,0.0
4355.350087107,1385,4355,200087104,map,8.758766362824069,8.858382260262562,0.0,0.0,0.0,0.0,0.0
4358.350087167,1386,4358,250087165,map,9.639616460357377,8.900069260319807,0.0,0.0,0.0,0.0,0.0
4361.350087227,1387,4361,350087227,map,10.544793670923909,8.913074170457609,0.0,0.0,0.0,0.0,0.0
4364.850087297,1388,4364,450087289,map,11.46779189034444,8.880712660791982,0.0,0.0,0.0,0.0,0.0
4367.850087357,1389,4367,550087351,map,12.313033251468218,8.788522387675032,0.0,0.0,0.0,0.0,0.0
4370.850087417,1390,4370,650087413,map,12.898292289754803,8.66720510672754,0.0,0.0,0.0,0.0,0.0
4373.850087477,1391,4373,700087474,map,12.896307070272123,8.667501293451188,0.0,0.0,0.0,0.0,0.0
4376.850087537,1392,4376,800087536,map,12.895053017393446,8.66666964095079,0.0,0.0,0.0,0.0,0.0
4380.350087607,1393,4379,950087599,map,12.895174553692847,8.665789778110707,0.0,0.0,0.0,0.0,0.0
4383.350087667,1394,4383,50087661,map,12.89916601378512,8.66710970631686,0.0,0.0,0.0,0.0,0.0
4386.350087727,1395,4386,150087723,map,12.709628464427867,8.63720995953162,0.0,0.0,0.0,0.0,0.0
4389.350087787,1396,4389,300087786,map,16.173447098153197,7.592046754855355,0.0,0.0,0.0,0.0,0.0
4392.850087857,1397,4392,450087849,map,16.17416228992122,7.5941114028794,0.0,0.0,0.0,0.0,0.0
4395.850087917,1398,4395,450087909,map,16.17548321535139,7.59790304537077,0.0,0.0,0.0,0.0,0.0
4398.850087977,1399,4398,500087970,map,16.17349410282887,7.594430030019964,0.0,0.0,0.0,0.0,0.0
4401.850088037,1400,4401,650088033,map,16.175504439886247,7.594992228454297,0.0,0.0,0.0,0.0,0.0
4404.850088097,1401,4404,700088094,map,20.064945234852175,4.581738297018625,0.0,0.0,0.0,0.0,0.0
4407.850088157,1402,4407,750088155,map,20.274317876062973,5.172624576469248,0.0,0.0,0.0,0.0,0.0
4411.350088227,1403,4410,850088217,map,19.989992601958097,5.842616610294155,0.0,0.0,0.0,0.0,0.0
4414.350088287,1404,4413,950088279,map,19.39880936145078,6.14097447586363,0.0,0.0,0.0,0.0,0.0
4417.350088347,1405,4417,88340,map,19.516798590900997,5.431303967740282,0.0,0.0,0.0,0.0,0.0
4420.350088407,1406,4420,50088401,map,20.093109622676177,4.747442820352906,0.0,0.0,0.0,0.0,0.0
4423.400088468,1407,4423,100088462,map,20.70223074526824,4.053833923486806,0.0,0.0,0.0,0.0,0.0
4426.350088527,1408,4426,200088524,map,21.654139097887516,2.882610286497341,0.0,0.0,0.0,0.0,0.0
4429.350088587,1409,4429,200088584,map,21.857271308143,2.666718271569003,0.0,0.0,0.0,0.0,0.0
4432.350088647,1410,4432,300088646,map,22.390137800149052,2.0469204738201285,0.0,0.0,0.0,0.0,0.0
4435.850088717,1411,4435,400088708,map,22.850427002721496,1.2909435169540586,0.0,0.0,0.0,0.0,0.0
4438.850088777,1412,4438,450088769,map,22.999196857928844,1.0033159501881208,0.0,0.0,0.0,0.0,0.0
4441.850088837,1413,4441,500088830,map,22.99831059137828,1.0056645141057696,0.0,0.0,0.0,0.0,0.0
4444.850088897,1414,4444,550088891,map,22.99957624853824,1.003675396649048,0.0,0.0,0.0,0.0,0.0
4447.850088957,1415,4447,650088953,map,22.99324691454585,1.0698826553348857,0.0,0.0,0.0,0.0,0.0
4450.850089017,1416,4450,750089015,map,1.341997278971379,10.191118668066297,0.0,0.0,0.0,0.0,0.0
4453.900089078,1417,4453,750089075,map,2.3636911257809508,10.672150737817116,0.0,0.0,0.0,0.0,0.0
4456.850089137,1418,4456,850089137,map,3.300389668345944,10.467710399325604,0.0,0.0,0.0,0.0,0.0
4460.400089208,1419,4459,950089199,map,4.214873728911029,10.183259929166466,0.0,0.0,0.0,0.0,0.0
4463.350089267,1420,4463,50089261,map,4.353137563509595,10.216388950564706,0.0,0.0,0.0,0.0,0.0
4466.400089328,1421,4466,150089323,map,2.578567254691542,11.912213124073327,0.0,0.0,0.0,0.0,0.0
4469.400089388,1422,4469,150089383,map,2.4978472986322187,10.798373660516136,0.0,0.0,0.0,0.0,0.0
4472.400089448,1423,4472,250089445,map,2.1346640191414146,10.915538808026188,0.0,0.0,0.0,0.0,0.0
4475.900089518,1424,4475,400089508,map,2.579162166564671,10.893694776905404,0.0,0.0,0.0,0.0,0.0
4478.850089577,1425,4478,450089569,map,2.079178554476939,10.326626540448576,0.0,0.0,0.0,0.0,0.0
4481.850089637,1426,4481,450089629,map,2.825232285616636,9.988488759765813,0.0,0.0,0.0,0.0,0.0
4484.850089697,1427,4484,550089691,map,3.5577183415237443,9.459115406542999,0.0,0.0,0.0,0.0,0.0
4487.950089759,1428,4487,650089753,map,5.849157580903337,9.792569501184117,0.0,0.0,0.0,0.0,0.0
4490.900089818,1429,4490,650089813,map,6.147730620061885,9.725288078604006,0.0,0.0,0.0,0.0,0.0
4493.850089877,1430,4493,750089875,map,6.1476397949754125,9.725305488589976,0.0,0.0,0.0,0.0,0.0
4497.350089947,1431,4496,850089937,map,6.1214469100250835,9.729940893942345,0.0,0.0,0.0,0.0,0.0
4500.350090007,1432,4499,950089999,map,5.732503036208625,9.743331268356943,0.0,0.0,0.0,0.0,0.0
4503.350090067,1433,4503,100090062,map,6.093249809330155,9.719722760487976,0.0,0.0,0.0,0.0,0.0
4506.350090127,1434,4506,200090124,map,6.1440716321573206,9.724710806396303,0.0,0.0,0.0,0.0,0.0
4509.350090187,1435,4509,300090186,map,6.141917183744136,9.724271395139327,0.0,0.0,0.0,0.0,0.0
4512.400090248,1436,4512,300090246,map,6.147879819928542,9.725082302875123,0.0,0.0,0.0,0.0,0.0
4515.900090318,1437,4515,400090308,map,9.74617962991669,8.9798788626512,0.0,0.0,0.0,0.0,0.0
4518.850090377,1438,4518,500090370,map,10.67221355395223,8.910703049019792,0.0,0.0,0.0,0.0,0.0
4521.900090438,1439,4521,550090431,map,11.570968802533411,8.785718283245751,0.0,0.0,0.0,0.0,0.0
4524.850090497,1440,4524,650090493,map,12.421462892742076,8.604306181526983,0.0,0.0,0.0,0.0,0.0
4527.900090558,1441,4527,750090555,map,12.501280635471307,8.583154302725635,0.0,0.0,0.0,0.0,0.0
4530.850090617,1442,4530,850090617,map,12.501152172519859,8.583038412531623,0.0,0.0,0.0,0.0,0.0
4534.350090687,1443,4534,90680,map,12.501397634068459,8.582761170679252,0.0,0.0,0.0,0.0,0.0
4537.350090747,1444,4537,90740,map,12.49026237392659,8.578449307883858,0.0,0.0,0.0,0.0,0.0
4540.350090807,1445,4540,100090802,map,12.502213419758453,8.58284220440304,0.0,0.0,0.0,0.0,0.0
4543.400090868,1446,4543,200090864,map,16.006253725538844,8.175546585533276,0.0,0.0,0.0,0.0,0.0
4546.400090928,1447,4546,350090927,map,16.310074555948216,7.629024736407411,0.0,0.0,0.0,0.0,0.0
4549.50009099,1448,4549,350090987,map,16.311782902482584,7.62904717978993,0.0,0.0,0.0,0.0,0.0
4552.850091057,1449,4552,400091048,map,16.311309825994037,7.638999872240401,0.0,0.0,0.0,0.0,0.0
4555.850091117,1450,4555,450091109,map,16.312173293299004,7.628560506729219,0.0,0.0,0.0,0.0,0.0
4558.850091177,1451,4558,550091171,map,16.312268971852923,7.628766677682861,0.0,0.0,0.0,0.0,0.0
4561.850091237,1452,4561,650091233,map,20.259360729221775,5.04921747225484,0.0,0.0,0.0,0.0,0.0
4564.850091297,1453,4564,700091294,map,20.371264485538653,5.097830979288721,0.0,0.0,0.0,0.0,0.0
4567.850091357,1454,4567,800091356,map,20.01351507195285,5.746945861993154,0.0,0.0,0.0,0.0,0.0
4571.350091427,1455,4570,900091418,map,19.518555458086816,6.192290883456996,0.0,0.0,0.0,0.0,0.0
4574.350091487,1456,4574,91480,map,19.751559871470004,5.643029499271421,0.0,0.0,0.0,0.0,0.0
4577.350091547,1457,4577,50091541,map,20.385722858551887,4.9696576863182065,0.0,0.0,0.0,0.0,0.0
4580.350091607,1458,4580,100091602,map,20.793309614671912,4.531918346717097,0.0,0.0,0.0,0.0,0.0
4583.350091667,1459,4583,250091665,map,20.791153947335143,4.534211500738799,0.0,0.0,0.0,0.0,0.0
4586.350091727,1460,4586,250091725,map,20.789065133070913,4.537010170688312,0.0,0.0,0.0,0.0,0.0
4589.350091787,1461,4589,350091787,map,20.79345423756216,4.53236545384916,0.0,0.0,0.0,0.0,0.0
4592.850091857,1462,4592,400091848,map,22.847061964575502,1.2751057811936755,0.0,0.0,0.0,0.0,0.0
4595.850091917,1463,4595,500091910,map,22.99893864252757,1.0042833554742776,0.0,0.0,0.0,0.0,0.0
4598.850091977,1464,4598,550091971,map,22.99945544430486,1.003485937798204,0.0,0.0,0.0,0.0,0.0
4601.850092037,1465,4601,650092033,map,22.99784732382382,1.0091543875973052,0.0,0.0,0.0,0.0,0.0
4604.850092097,1466,4604,750092095,map,23.000182093902904,1.000315527216099,0.0,0.0,0.0,0.0,0.0
4608.350092167,1467,4607,850092157,map,23.00017453856394,1.00248658320064,0.0,0.0,0.0,0.0,0.0
